0.3869 4.9852 0
1.0495 5.5932 0
0.9458 4.7964 0
2.6162 6.3593 0
2.1304 6.1067 0
0.5860 4.9451 0
0.6539 4.7730 0
1.2309 5.6480 0
1.1128 4.6273 0
2.0369 5.1956 0
1.4165 5.5520 0
0.9802 4.9774 0
0.5983 4.2515 0
1.4088 5.6028 0
1.1562 5.0371 0
1.6628 5.9416 0
0.7343 4.6793 0
0.8490 5.4934 0
0.4133 4.6352 0
0.7434 4.6598 0
2.9020 6.7037 0
0.8316 4.3572 0
0.7383 3.5449 0
0.5989 5.8106 0
1.2978 5.2039 0
0.0230 4.3566 0
-0.9158 3.3445 0
0.9452 5.7370 0
0.6026 5.4402 0
0.1068 4.5481 0
0.2117 4.3159 0
0.0107 3.8987 0
1.3718 4.4827 0
2.0679 6.5251 0
0.9095 5.8332 0
1.5501 5.5245 0
0.5881 4.0228 0
0.4431 4.5513 0
2.2711 6.6826 0
0.4370 4.4873 0
0.6735 4.9221 0
0.6055 4.4069 0
1.1479 4.8254 0
1.5863 5.2221 0
-0.0628 3.8989 0
0.7000 4.5490 0
1.1618 4.6562 0
0.8247 4.5690 0
1.0466 5.1945 0
1.0914 6.3719 0
2.0565 6.5279 0
0.8187 5.3202 0
4.0595 7.7588 0
1.7565 5.2059 0
1.4486 6.0440 0
1.5654 5.3045 0
1.1790 4.9321 0
1.3108 4.9063 0
1.4556 5.3473 0
2.2500 5.6774 0
1.6190 5.2145 0
2.5322 6.0364 0
1.4593 4.8783 0
2.8616 6.7596 0
0.4145 4.8645 0
-0.5705 4.0910 0
0.1981 4.5535 0
1.6451 5.5380 0
1.5547 5.8679 0
0.2559 4.7870 0
-2.0708 1.9006 0
2.1101 6.2828 0
1.3203 5.6014 0
3.0911 7.3994 0
-0.3540 3.2380 0
2.1290 5.9919 0
0.9710 5.1499 0
1.1800 5.7789 0
0.2457 4.5572 0
0.2571 3.6054 0
-0.0767 3.4066 0
0.1690 3.6121 0
0.2325 3.9921 0
0.3562 3.8249 0
3.1314 6.4966 0
1.1130 6.4440 0
1.2225 4.9973 0
0.7215 5.1683 0
-0.3590 3.8387 0
0.0929 4.1911 0
0.8699 4.1420 0
0.6662 4.0811 0
2.2158 6.1020 0
0.4357 4.5227 0
2.2734 6.7383 0
-0.8451 2.5486 0
-0.0806 5.0118 0
0.8884 4.3520 0
1.3772 4.9763 0
1.3443 4.6839 0
2.6841 6.5069 0
-0.5876 3.8957 0
1.3870 5.5675 0
-0.1169 3.3438 0
-0.0386 3.9703 0
1.9290 5.8610 0
0.3516 4.2755 0
1.6841 5.6716 0
0.6163 6.0299 0
3.6082 7.6060 0
2.4995 6.8359 0
0.3181 4.5458 0
-0.8162 3.5161 0
0.1554 4.1921 0
-0.1017 3.9501 0
1.5320 3.9763 0
1.5729 5.0452 0
0.5320 4.4344 0
2.4659 6.2040 0
0.3653 4.1612 0
0.6830 4.3706 0
0.5892 5.2849 0
0.4898 4.7526 0
-0.3590 4.3653 0
0.5839 4.8619 0
3.6462 7.5191 0
1.4942 4.9321 0
0.7699 5.1095 0
1.8628 5.4490 0
0.4801 4.0716 0
0.3871 4.0105 0
1.7910 5.0339 0
-0.6005 3.8491 0
-0.0703 4.4664 0
0.6491 4.3843 0
1.5660 5.8455 0
1.9280 5.6126 0
-1.4642 1.5917 0
1.3902 4.6020 0
0.8356 5.0308 0
-0.5121 3.9064 0
1.7021 5.2152 0
1.0929 5.8291 0
1.4120 4.7191 0
0.8659 4.2910 0
2.4632 6.3790 0
2.8319 7.1821 0
2.9658 7.8524 0
2.0657 6.0129 0
1.3858 4.4334 0
0.3328 4.4352 0
0.6317 5.1121 0
0.8004 5.8303 0
0.2781 4.8591 0
1.9849 5.7462 0
-0.0925 3.5635 0
1.3236 4.6783 0
-0.4528 3.7031 0
0.8300 4.3333 0
3.5340 7.8508 0
0.8283 4.4000 0
1.3516 4.6381 0
1.8397 5.3822 0
1.3038 4.9865 0
1.4576 5.6279 0
2.5188 6.7862 0
0.3616 3.7993 0
0.7540 5.4867 0
0.5321 4.2489 0
0.3884 4.5684 0
3.6285 8.0955 0
2.6160 6.1168 0
2.0638 6.7136 0
0.5771 4.6769 0
0.5604 5.4477 0
0.0653 4.4343 0
1.9145 5.4241 0
0.7031 4.0901 0
1.5814 5.2568 0
0.9520 4.2634 0
1.8499 5.4591 0
2.0902 6.7385 0
2.4695 6.4061 0
2.0635 6.0880 0
0.9254 4.7619 0
1.4407 5.4864 0
2.3901 5.8282 0
1.7377 5.2333 0
-0.2209 4.2600 0
0.4562 4.5615 0
3.3736 7.1602 0
1.0337 4.2604 0
1.9082 6.0598 0
-0.5326 3.6604 0
-0.0996 4.2400 0
1.6737 5.3382 0
1.2252 5.2734 0
2.2683 6.5618 0
0.0320 5.4211 0
1.1271 4.9990 0
1.6539 5.9139 0
1.3911 5.6478 0
-0.1351 4.5823 0
0.6012 3.8100 0
0.8212 3.9001 0
2.6509 6.6376 0
-0.2995 3.8198 0
0.5203 5.1044 0
1.6120 4.9982 0
0.0544 3.9019 0
2.0815 6.3267 0
-0.1639 4.1683 0
0.6999 4.7479 0
0.2116 4.6568 0
-1.1434 3.8165 0
-0.0965 3.8629 0
0.7373 5.1131 0
1.9684 5.3291 0
1.7304 5.6126 0
0.5086 4.9382 0
1.8689 5.9302 0
1.3201 5.8520 0
0.8953 4.7625 0
0.9454 4.5523 0
0.5271 4.8687 0
2.3689 6.6325 0
0.5076 4.4705 0
1.8115 5.4842 0
1.3883 5.2012 0
0.4474 4.6026 0
0.6610 3.9936 0
1.0511 4.0811 0
1.4683 5.3226 0
0.8028 5.3913 0
0.6436 5.4450 0
0.4352 4.3052 0
2.4917 6.8050 0
-0.6458 3.4524 0
1.6541 5.0318 0
0.4258 5.7377 0
0.8577 4.6192 0
0.9882 4.8984 0
1.4493 4.8949 0
1.3405 5.3318 0
2.4357 6.8839 0
1.1544 5.0657 0
2.1291 5.6896 0
0.6323 4.3577 0
3.1582 6.5525 0
0.5474 5.1041 0
0.8360 4.3836 0
1.4586 5.7958 0
1.0080 4.5827 0
0.5930 4.8879 0
1.4715 5.2429 0
1.0698 5.6253 0
-0.2125 4.1417 0
1.7688 5.5726 0
0.1275 3.4440 0
1.8891 5.7921 0
1.1141 4.7319 0
0.9469 4.3548 0
-0.6011 3.9001 0
-0.0506 4.3071 0
-0.0202 4.2044 0
-1.2858 2.9933 0
2.1555 6.3850 0
0.8329 4.5844 0
0.3323 4.2693 0
1.9744 5.9988 0
1.9089 6.1762 0
-0.6168 3.7658 0
-0.3033 3.9572 0
-0.3234 3.8540 0
0.4110 4.1990 0
1.3159 5.5975 0
2.5055 5.9769 0
0.8471 4.7313 0
-0.2931 3.6472 0
0.4590 4.3557 0
1.0286 5.4379 0
1.7549 5.3803 0
3.0768 6.4115 0
2.0284 5.1689 0
1.9338 6.0788 0
2.5339 6.3417 0
0.9882 4.9368 0
1.4876 5.1834 0
1.1794 5.2349 0
-0.1731 2.9649 0
1.6670 5.2896 0
0.4229 4.0141 0
2.2465 6.4699 0
2.2792 6.2359 0
0.9972 5.1562 0
-0.5250 3.6660 0
-0.5915 3.4858 0
1.1768 5.0493 0
1.5276 5.6258 0
0.7118 4.8716 0
0.9845 4.3902 0
2.0764 6.3706 0
1.2472 5.1390 0
0.9423 4.9127 0
2.7933 6.7176 0
1.8716 5.2042 0
0.3971 4.3759 0
0.2340 4.4172 0
-0.2158 3.1025 0
1.8549 5.5630 0
0.5999 4.8059 0
-0.1642 4.3009 0
1.3020 6.1201 0
0.3057 4.0650 0
0.9474 5.4259 0
-0.6506 3.7601 0
-1.6554 3.5020 0
1.5359 5.1851 0
1.2539 4.9992 0
0.0472 4.7990 0
0.3718 4.7808 0
1.7580 5.7545 0
2.5746 6.0654 0
1.3343 5.1170 0
1.1576 4.6889 0
2.6713 6.0752 0
0.9874 5.7038 0
-0.9149 3.2329 0
0.7124 4.7019 0
2.2059 6.2825 0
0.6058 4.4052 0
1.0335 4.6814 0
0.2409 4.4075 0
0.0123 4.1133 0
1.3490 4.9244 0
-0.3158 3.4605 0
1.9854 5.5381 0
0.3659 3.9890 0
1.0278 4.7099 0
1.0804 4.0930 0
-0.6161 3.3381 0
2.0939 5.4524 0
1.8855 6.1194 0
0.4876 4.1885 0
1.9903 5.9415 0
0.8197 4.8470 0
1.8960 5.3428 0
-0.1138 3.3248 0
-1.0205 3.4523 0
2.6976 5.7956 0
2.9316 7.0934 0
1.3161 4.9730 0
0.4015 4.6464 0
1.6868 5.1751 0
1.5429 5.3489 0
1.4436 4.9915 0
1.7590 5.8759 0
1.9091 6.1826 0
0.8590 5.1047 0
0.5892 4.6814 0
0.0795 4.6521 0
1.6271 5.2404 0
0.1230 4.6243 0
0.1065 4.6062 0
0.8383 5.1114 0
-0.0756 4.5283 0
-0.7492 2.6766 0
0.1603 3.9409 0
2.0210 5.5667 0
1.3335 5.2965 0
-0.5634 3.1868 0
3.0932 7.0015 0
0.8609 4.8012 0
2.3461 6.2461 0
0.1664 4.3720 0
-0.7479 3.2271 0
0.0176 4.2467 0
0.9618 5.0685 0
2.3537 6.0376 0
0.1669 3.9044 0
0.7715 4.5090 0
0.8158 4.6131 0
0.5738 4.6765 0
-0.4393 4.0879 0
0.0669 4.1891 0
1.0497 4.9767 0
-0.1609 3.7077 0
1.2560 5.3641 0
1.8414 6.1748 0
1.1543 5.3909 0
1.0790 5.6406 0
1.2768 4.8325 0
1.6828 5.8418 0
-0.9452 3.3562 0
1.8239 5.7289 0
1.0715 5.0837 0
0.0756 3.5743 0
0.2886 5.4195 0
0.8996 4.8095 0
0.9153 4.8009 0
-0.4562 3.3604 0
-1.0930 2.8294 0
-1.1133 2.8093 0
0.3000 4.1096 0
-0.5752 3.2570 0
2.7250 6.0931 0
-0.1422 3.8142 0
1.0632 4.5890 0
2.1156 6.0376 0
1.6706 6.0890 0
2.8403 6.8132 0
0.7608 4.6137 0
0.8812 6.4415 0
0.7226 3.8962 0
2.3018 6.1470 0
-0.2685 3.6953 0
2.0913 5.8651 0
2.4728 5.7662 0
2.2048 6.3461 0
2.5545 6.2985 0
0.6531 4.2392 0
0.1683 3.9713 0
-0.5960 3.8619 0
-1.0978 2.8050 0
2.4762 6.6380 0
0.2850 3.8042 0
0.7387 5.7229 0
0.6235 4.1716 0
0.6980 4.8647 0
1.8403 5.5078 0
-0.3884 2.9169 0
0.4812 5.0527 0
2.2285 6.2667 0
0.3591 4.5241 0
1.6306 5.6663 0
-1.3042 2.9941 0
1.7918 5.2156 0
-0.4059 3.9293 0
2.2938 6.3910 0
1.1057 4.8846 0
0.2036 3.6499 0
-0.0598 4.4364 0
0.5633 3.9548 0
1.2590 5.7511 0
1.8423 6.2990 0
0.5615 4.8611 0
-0.2013 4.0639 0
-0.7828 4.1790 0
-0.4358 3.8149 0
-0.7462 3.4025 0
-0.0757 3.9148 0
-0.1150 3.2918 0
2.4342 6.7965 0
0.4320 4.6510 0
1.0895 4.9399 0
-0.3330 3.4472 0
1.6279 6.5040 0
0.7029 5.0749 0
1.2685 5.7434 0
1.5956 5.8205 0
-0.1928 3.4631 0
-0.1256 3.5538 0
2.9168 7.3146 0
3.1941 7.1092 0
0.6954 4.6423 0
-0.7247 3.8256 0
0.3981 5.2760 0
-0.3486 2.9865 0
-0.8189 3.3941 0
0.1897 5.1594 0
0.8321 4.7387 0
1.6022 5.3197 0
1.1496 5.3858 0
0.8185 5.0459 0
0.1319 4.7026 0
0.9653 5.5906 0
2.2211 6.3987 0
-0.6942 3.8075 0
1.7730 5.4785 0
0.8492 4.9596 0
-0.2370 4.2455 0
0.3174 3.9779 0
0.9214 3.8413 0
2.0012 6.3878 0
0.5916 4.4461 0
0.4358 5.2677 0
0.5989 3.9351 0
1.9785 5.8886 0
0.9453 4.0784 0
1.1485 5.1712 0
-0.4690 4.1460 0
3.1133 7.1111 0
0.9288 5.1360 0
0.9268 5.1396 0
0.4813 4.9674 0
1.0897 4.7427 0
2.6351 6.2678 0
0.6192 4.5952 0
1.7417 5.5537 0
-0.5168 3.9689 0
3.2688 2.7410 1
4.6033 0.9557 1
2.1593 0.1673 1
3.4086 2.5530 1
1.8699 2.9133 1
0.3575 2.0013 1
2.6936 1.0280 1
3.5906 2.9641 1
2.9538 0.9118 1
3.0851 1.1234 1
5.5599 3.7946 1
2.4784 2.8530 1
4.3668 2.7215 1
1.3343 3.5084 1
2.3637 2.3933 1
2.7020 2.7324 1
3.2390 1.2933 1
2.9564 1.8374 1
3.0597 2.0211 1
1.7584 1.6781 1
1.4307 3.0680 1
4.1542 0.2221 1
2.5992 2.4795 1
4.2667 2.0724 1
4.6150 2.1811 1
2.4653 1.0884 1
3.2544 2.2292 1
4.0493 0.7071 1
3.4251 1.9369 1
2.3521 2.4795 1
2.2963 2.8177 1
1.5810 1.5302 1
2.9841 0.4484 1
4.1632 1.2865 1
3.7075 1.6932 1
1.7565 1.6936 1
2.8918 1.0498 1
2.8943 2.2773 1
1.2288 -0.0483 1
1.0629 0.0311 1
2.9349 2.5476 1
3.3398 0.6388 1
1.6642 1.3170 1
4.4161 1.5083 1
3.4330 0.3987 1
3.9603 1.3873 1
2.0525 1.5281 1
2.4668 2.6637 1
2.9222 0.9870 1
3.6087 0.5491 1
3.8620 2.6162 1
5.2315 1.6029 1
4.0890 2.0876 1
3.2187 2.7082 1
3.1308 3.6196 1
2.7570 1.3376 1
3.0792 1.1047 1
2.6100 1.9337 1
4.4329 3.3814 1
3.1587 2.1943 1
3.8578 2.8202 1
3.8972 2.2017 1
2.6532 3.0510 1
-0.2198 -0.1941 1
2.5877 2.0591 1
2.3706 1.0860 1
2.4635 0.9491 1
1.4399 1.0158 1
3.0973 1.4943 1
2.0609 3.7919 1
2.6417 1.4392 1
2.7499 1.7018 1
3.1838 3.2495 1
1.0306 0.3885 1
2.6878 1.1513 1
3.0807 3.8740 1
3.2779 1.5965 1
3.8069 2.8345 1
4.1295 2.0685 1
2.7643 1.5021 1
4.0056 1.9964 1
2.4322 3.5318 1
3.3914 0.9182 1
2.6117 0.6027 1
2.7469 1.3931 1
0.6108 2.9577 1
2.6225 1.4615 1
1.9066 2.2480 1
3.5598 2.0054 1
4.6938 1.8564 1
1.8977 2.1099 1
4.3374 1.8678 1
4.4791 2.0387 1
3.2764 3.2753 1
4.9601 3.6132 1
3.7370 1.7876 1
1.8590 1.3371 1
3.0496 0.7109 1
3.6524 2.0151 1
3.7022 3.8754 1
2.0255 2.3270 1
3.3823 3.5128 1
3.3015 2.6310 1
2.2693 2.6850 1
2.6486 3.2150 1
2.0428 1.5628 1
3.5656 1.2503 1
4.0069 1.8216 1
3.2000 2.1770 1
3.1396 2.1958 1
2.8690 3.1864 1
0.2675 1.1373 1
2.9376 2.3583 1
2.8781 2.2678 1
1.5849 2.2094 1
3.3100 1.0256 1
4.2878 2.2123 1
3.1477 2.6992 1
2.6056 2.1989 1
0.7748 2.1748 1
3.6376 1.8784 1
2.8003 1.6505 1
2.1755 -1.0365 1
3.4427 3.2496 1
2.9817 3.1107 1
2.4142 3.6339 1
3.9805 1.5220 1
5.1930 2.9666 1
1.7415 2.1478 1
1.8663 2.1475 1
2.5215 0.7674 1
3.1189 2.5066 1
1.1760 0.6223 1
2.5283 0.4878 1
2.3403 1.3365 1
1.4088 1.4797 1
2.6100 1.1017 1
2.6075 1.2676 1
3.3358 1.2607 1
2.9656 2.0706 1
4.6657 1.7315 1
3.7411 2.2367 1
3.9104 1.2991 1
2.2569 -0.3350 1
2.2118 0.6331 1
2.9017 3.2020 1
3.5404 3.1124 1
4.5021 1.2709 1
3.9370 1.7221 1
3.8971 1.8099 1
3.0814 2.4304 1
3.9928 2.5855 1
4.5049 1.9352 1
3.4643 1.6266 1
2.9759 1.0084 1
3.4942 2.6715 1
3.8203 0.9352 1
5.2740 2.0977 1
2.8735 -0.0455 1
2.6713 -0.1676 1
3.7404 2.0005 1
3.7690 2.1219 1
1.7491 3.0257 1
1.3771 1.3956 1
3.6932 1.8861 1
2.5773 3.5106 1
1.8893 1.7889 1
2.1026 1.4223 1
5.3723 0.8741 1
1.0147 -0.0776 1
3.6594 0.3262 1
2.7245 0.9340 1
3.8127 2.1153 1
2.9787 1.9195 1
4.2352 2.0300 1
4.2619 1.5070 1
3.6001 2.6775 1
4.0350 3.1054 1
1.4730 0.5128 1
3.2744 1.7213 1
3.2400 3.5458 1
2.2483 2.9641 1
2.8318 1.5515 1
3.1838 3.6826 1
2.3021 2.1385 1
3.7068 1.6670 1
2.1812 0.7959 1
3.9232 2.3829 1
4.5851 2.0635 1
3.5259 2.3401 1
1.8277 2.1932 1
3.1927 2.2245 1
3.3623 1.4015 1
2.5203 3.2194 1
4.1405 2.3446 1
2.3279 2.5179 1
3.1508 2.0143 1
3.3566 3.6676 1
1.9741 1.6384 1
0.8463 1.0148 1
3.2218 3.8623 1
3.3529 1.1626 1
2.1811 1.5353 1
2.4138 2.0840 1
1.4864 1.0926 1
1.4094 1.4680 1
3.0746 3.9363 1
2.2036 1.5651 1
3.5205 2.1654 1
3.0768 2.3662 1
3.9603 2.6288 1
0.9549 4.2427 1
4.4497 2.9119 1
2.6627 2.8150 1
0.9985 3.1038 1
4.1611 2.4667 1
1.7490 1.0899 1
2.8225 1.4119 1
5.0273 3.1982 1
3.0164 2.2920 1
-0.7795 1.9791 1
2.5780 2.1530 1
2.8831 3.4819 1
4.4275 1.7696 1
3.0655 0.7144 1
4.5645 2.6713 1
3.0792 3.0114 1
2.6468 2.8530 1
1.9742 0.6262 1
2.5411 1.5300 1
5.0249 4.2809 1
5.1096 3.3635 1
1.0992 1.1928 1
3.5771 2.7967 1
3.3251 3.1444 1
1.8540 -0.6942 1
1.5762 1.4238 1
3.9431 1.4988 1
2.0869 3.4117 1
2.5245 2.8988 1
2.7093 0.1843 1
3.4501 1.5960 1
1.5270 2.3545 1
4.4127 2.3610 1
1.6681 0.4001 1
2.4511 2.0526 1
2.0911 2.6196 1
2.3769 2.7418 1
3.9204 2.4377 1
2.1165 1.6204 1
2.6401 3.9745 1
2.6650 0.3718 1
3.1094 3.4342 1
2.9991 2.7532 1
2.7835 2.7466 1
3.2718 4.2181 1
4.0192 1.5895 1
3.4466 0.5326 1
0.5348 1.2707 1
3.2230 0.5481 1
5.1549 3.8123 1
2.9732 3.5451 1
2.7779 2.5914 1
2.4675 2.5758 1
2.5919 2.0076 1
2.9230 1.6813 1
3.7574 0.6447 1
2.8140 1.6629 1
2.6154 4.0657 1
2.6237 1.6237 1
3.7524 1.2426 1
4.0062 3.9231 1
3.0618 2.3109 1
1.8068 0.0252 1
3.0241 1.6468 1
5.1607 2.1595 1
0.9865 0.3752 1
1.4256 2.1181 1
2.3726 2.3764 1
3.3368 1.1269 1
2.7799 0.1370 1
3.4203 1.8977 1
3.9081 2.6962 1
2.7112 1.7115 1
4.2866 2.2149 1
3.1687 2.2339 1
3.2026 3.2425 1
3.8272 1.3187 1
2.0141 2.7048 1
4.3512 1.9863 1
2.5461 2.5217 1
2.5734 1.4433 1
1.0486 1.5586 1
3.6020 1.2409 1
3.1220 2.7875 1
2.0039 2.6744 1
3.8634 1.7715 1
1.1489 -0.0867 1
3.5577 2.4795 1
4.1983 1.3850 1
2.8180 1.9240 1
2.3072 1.8633 1
2.1028 2.9059 1
2.9318 1.8552 1
6.1808 2.8332 1
2.9916 2.6828 1
4.4652 1.2719 1
4.0449 1.1941 1
2.5693 2.1953 1
5.2682 3.0218 1
4.2301 3.4436 1
1.7211 -0.2034 1
1.4487 1.1419 1
4.2589 -0.2168 1
2.0564 2.5982 1
3.9148 1.3476 1
4.0916 1.5584 1
2.1431 4.3038 1
1.8711 3.4110 1
2.3494 3.3396 1
4.0328 1.9264 1
2.5920 1.6647 1
1.8720 2.8223 1
2.0382 1.1869 1
3.1300 2.7230 1
2.0542 1.8815 1
3.9293 0.7330 1
3.9205 0.8651 1
2.6347 1.7312 1
3.4459 4.2806 1
1.9705 0.1947 1
3.9203 2.5908 1
3.2293 2.7113 1
3.8001 0.8677 1
4.0878 1.7622 1
3.2344 1.2218 1
3.2657 1.6099 1
2.1503 2.7952 1
3.0729 5.1936 1
4.5715 2.6465 1
0.2731 0.7337 1
2.7812 3.3264 1
2.6305 3.6477 1
0.7671 0.8886 1
3.2104 2.0457 1
3.8660 3.5716 1
2.8984 1.1304 1
2.1790 1.6814 1
3.6429 3.4275 1
2.5231 1.7484 1
2.8111 1.1734 1
3.4135 1.3343 1
3.2079 3.8906 1
3.2416 3.4428 1
1.8909 1.5302 1
4.1650 2.4371 1
3.8802 1.7199 1
2.3461 2.4586 1
4.1777 3.0986 1
1.0683 0.8299 1
1.5880 0.5791 1
1.3970 1.8311 1
4.1035 2.3770 1
2.4138 1.5579 1
3.9692 3.4293 1
2.2341 0.3867 1
4.0131 1.8353 1
3.3715 3.1153 1
2.1447 1.2874 1
2.2429 1.1242 1
1.2883 2.0760 1
1.1771 1.9563 1
2.3368 1.8060 1
3.3637 0.8272 1
3.6812 2.1045 1
4.1023 3.6488 1
0.7703 2.0554 1
4.8846 2.0793 1
3.0834 0.5406 1
0.8715 1.4284 1
4.8756 2.1860 1
1.4588 1.2312 1
2.7454 3.1910 1
4.1073 3.8703 1
3.8423 1.8807 1
0.9885 0.2625 1
3.2550 0.0507 1
3.5300 2.6568 1
3.5646 2.6960 1
2.9744 2.1579 1
0.6831 1.2248 1
2.9011 1.5008 1
1.9651 1.6767 1
3.4415 1.8606 1
3.7351 3.5989 1
2.7289 2.3912 1
3.2010 1.1459 1
0.5002 1.5508 1
2.4804 2.3371 1
3.6361 1.3348 1
3.1785 2.4843 1
1.4504 -0.6278 1
2.1868 1.7293 1
3.2786 2.8262 1
1.2930 1.8446 1
2.3644 1.5239 1
3.7057 0.9760 1
2.9864 1.5222 1
3.5114 1.3406 1
2.7404 2.4493 1
4.2299 0.8586 1
5.6488 1.8284 1
1.6267 0.3262 1
3.2439 2.5321 1
3.9430 1.0502 1
3.4448 2.2258 1
2.8187 2.8392 1
3.1546 3.5486 1
3.3694 2.3119 1
4.0430 2.0484 1
4.1738 0.0715 1
1.2902 2.2572 1
4.0772 1.5640 1
1.9611 1.3952 1
4.7293 3.6197 1
1.9802 2.2024 1
2.7058 1.0172 1
2.8787 1.6276 1
3.2340 2.1814 1
2.8706 2.8376 1
3.7748 2.3107 1
2.7365 2.4384 1
4.2369 0.4497 1
2.5827 0.3264 1
1.5769 2.7687 1
1.9269 1.4575 1
4.5329 2.8818 1
2.1372 1.9000 1
3.3521 1.3812 1
3.5422 2.9572 1
2.8757 1.3986 1
3.9460 2.6956 1
4.5808 1.4648 1
2.5827 1.8303 1
3.0921 1.8248 1
2.0279 0.7648 1
4.1763 1.8193 1
1.8776 1.6081 1
2.3441 2.9275 1
4.2213 4.0919 1
4.2220 1.5491 1
1.7625 0.3249 1
3.7377 3.6438 1
2.4106 0.9491 1
4.4736 1.4332 1
-0.3495 -0.4309 1
4.3560 3.3589 1
3.4091 3.2101 1
2.2667 2.3238 1
2.1832 2.0074 1
3.7081 3.0687 1
2.8499 2.2459 1
2.8643 0.6077 1
3.3524 2.4821 1
3.2844 1.9332 1
3.2064 2.8293 1
3.9349 2.1359 1
3.0964 1.3906 1
3.8627 3.0466 1
2.0290 -0.0040 1
2.1741 0.5561 1
2.9542 1.9426 1
1.6216 1.3015 1
3.4567 2.5251 1
4.3078 2.4505 1
1.8213 0.7986 1
4.3146 2.0642 1
0.8176 2.1858 1
2.9039 1.7704 1
2.7944 2.2128 1
3.0698 2.2039 1
3.6732 2.2418 1
3.5893 2.4808 1
3.6140 2.0122 1
1.4498 0.7118 1
0.1978 0.1562 1
3.4921 1.7002 1
3.8347 3.4504 1
4.5810 3.4991 1
2.5573 2.3291 1
1.7700 0.6412 1
3.3199 2.1529 1
3.8759 2.1266 1
3.7830 2.9128 1
1.8506 2.0430 1
4.7283 1.7801 1
1.9656 0.7542 1
4.8186 1.6709 1
3.0379 0.7477 1
3.4781 2.7006 1
3.4761 5.1169 2
5.2900 5.8535 2
3.0663 4.1316 2
4.8682 3.2246 2
3.9747 4.0434 2
2.4837 2.9139 2
5.4003 5.2704 2
4.0439 3.2520 2
2.4948 3.6462 2
4.0547 4.7810 2
4.3634 3.9638 2
4.2977 3.9203 2
4.1316 4.0633 2
4.2632 3.1071 2
2.5647 3.5836 2
3.1717 3.4906 2
1.3748 4.4860 2
3.0089 4.5046 2
4.2693 5.4039 2
3.6235 3.9467 2
3.6996 3.9442 2
5.3599 3.8568 2
4.8932 5.4421 2
6.3251 5.1260 2
6.0611 4.6835 2
1.8964 4.3136 2
3.8136 2.3640 2
4.2770 4.7098 2
4.3581 3.9723 2
4.5243 5.5799 2
6.9220 6.2660 2
4.9937 5.6901 2
3.1895 2.9739 2
4.1781 2.6561 2
3.3231 4.0697 2
4.3173 4.7620 2
3.3559 3.4425 2
2.3644 2.4333 2
5.3899 4.6823 2
5.2604 7.0818 2
5.0454 5.1440 2
2.1999 1.6933 2
2.4243 4.2485 2
4.2946 5.0780 2
3.3610 2.7227 2
2.7586 2.6106 2
3.6755 4.3626 2
3.0701 4.0224 2
2.5668 4.9559 2
4.6330 4.3660 2
5.0539 5.5340 2
3.1237 2.5167 2
4.7669 3.3090 2
4.2917 4.8313 2
5.1405 4.3638 2
5.0693 5.1781 2
4.0474 4.2744 2
2.6732 3.3563 2
2.8263 4.0632 2
3.7018 3.4975 2
3.9342 3.9567 2
2.8051 2.6741 2
6.1258 4.8456 2
5.3154 3.6349 2
3.3050 2.5222 2
2.9236 3.8850 2
5.3939 4.7160 2
5.3400 6.4270 2
6.0387 6.0382 2
3.8093 3.6233 2
3.5438 3.4855 2
4.6453 4.7149 2
5.4307 6.4622 2
4.7295 4.3149 2
5.0762 4.8648 2
4.8296 4.9840 2
3.5761 3.2465 2
5.3762 4.7671 2
5.1538 4.4971 2
3.7766 4.3097 2
3.9709 3.7134 2
5.3622 4.1103 2
2.3360 3.7605 2
4.3760 4.4999 2
3.0591 2.4805 2
4.1348 3.4196 2
4.0916 2.8261 2
4.2107 4.1404 2
2.8363 4.5367 2
3.1606 4.2739 2
3.7692 3.9362 2
2.7816 4.3201 2
4.0365 3.1793 2
2.5067 1.1380 2
1.7619 2.0348 2
4.0919 4.6781 2
4.6946 4.5638 2
4.2853 3.0362 2
3.5844 3.7123 2
4.6420 4.7262 2
3.4665 4.5033 2
5.3125 5.3350 2
3.3654 3.9416 2
4.0785 3.4646 2
4.7204 4.8304 2
5.5469 4.8761 2
3.3310 4.1963 2
5.2717 4.1108 2
4.1444 4.4508 2
4.0735 4.8308 2
5.8415 4.0594 2
4.1086 4.4325 2
3.9193 4.6592 2
3.8676 3.2518 2
4.4015 3.0304 2
3.6356 5.0293 2
6.2147 3.9264 2
4.8589 3.7144 2
5.9958 4.7071 2
3.7483 4.1752 2
4.6634 3.3275 2
3.9381 2.2162 2
4.2418 3.2307 2
4.9761 4.8898 2
3.1817 2.5016 2
5.9232 4.0030 2
3.0696 3.7486 2
3.6015 1.8053 2
2.1685 3.2580 2
3.3438 4.3078 2
5.0004 5.4784 2
3.6654 2.2302 2
5.4169 4.9439 2
4.1675 6.3573 2
3.5591 4.1235 2
2.4017 2.6734 2
5.3801 5.6824 2
3.5463 3.5413 2
4.8548 4.9663 2
3.8793 3.9573 2
4.1854 4.6900 2
4.0465 3.6903 2
5.1140 4.1682 2
5.7022 4.0837 2
4.4297 3.6973 2
5.1504 5.2113 2
2.1680 2.8630 2
3.4568 4.7198 2
3.4058 2.7484 2
4.0061 3.6271 2
5.6088 6.1451 2
4.7895 4.1715 2
1.9528 1.4358 2
3.7264 3.8908 2
4.1476 3.6676 2
4.5246 5.3101 2
3.4772 3.3719 2
4.9435 4.3101 2
4.1595 3.5584 2
5.1366 6.6572 2
4.2703 3.5531 2
4.9400 4.9014 2
3.4662 3.8116 2
3.0570 1.4174 2
3.8848 3.3758 2
4.4736 3.9255 2
3.5044 2.2017 2
3.3596 3.9972 2
3.2020 5.4994 2
2.6654 3.4433 2
3.7312 4.9713 2
2.9579 3.8234 2
2.2377 4.5824 2
3.9389 3.5127 2
5.9498 4.6870 2
3.7216 4.1565 2
5.1903 3.8498 2
3.4398 2.8595 2
3.9464 3.3596 2
4.4854 3.4455 2
3.8931 5.3891 2
5.7874 5.1496 2
4.0840 3.9101 2
3.7888 4.5901 2
4.8814 3.8387 2
3.7349 3.4934 2
3.8610 2.2140 2
6.4997 4.2028 2
6.1869 5.2499 2
2.8400 4.0634 2
3.3621 3.1565 2
2.6877 3.2407 2
5.1144 5.0647 2
4.6592 4.5851 2
4.6405 5.4610 2
5.0867 4.2754 2
2.7163 3.9651 2
4.3967 4.1082 2
4.6110 4.4189 2
5.1277 4.2502 2
3.9988 2.6453 2
3.2020 2.4124 2
3.0920 3.0000 2
4.2762 4.2817 2
5.0523 5.8327 2
2.4381 4.5180 2
3.1179 1.8630 2
4.4084 5.5335 2
5.2009 3.7323 2
3.4705 3.1958 2
5.5878 3.9546 2
3.9357 3.9017 2
4.0815 5.4521 2
4.4266 4.4629 2
3.5085 3.8350 2
2.4145 3.6275 2
3.0266 2.9719 2
3.3456 3.1135 2
1.2783 3.3958 2
4.9627 2.2111 2
4.5442 3.8968 2
3.9944 3.6298 2
4.8542 4.6218 2
4.9771 4.4031 2
2.8032 3.2010 2
3.5522 1.7551 2
4.7971 4.3627 2
2.9005 4.2597 2
1.2951 1.8746 2
2.9025 2.8932 2
3.4547 2.5873 2
2.3055 4.3517 2
7.4687 6.5820 2
5.0294 4.4822 2
5.0986 1.4585 2
2.9650 2.8206 2
4.9758 3.6689 2
3.8080 2.6655 2
2.1306 4.0932 2
2.1936 2.1993 2
3.1061 4.0402 2
4.0637 5.2570 2
4.8623 4.7102 2
3.7766 3.8030 2
4.4074 3.8557 2
2.7965 4.0402 2
3.6321 3.7263 2
5.4320 4.9512 2
3.2830 3.2007 2
2.1606 3.0887 2
5.1805 5.2203 2
2.7884 2.7922 2
4.0857 3.6974 2
4.4880 4.2160 2
3.0979 2.0027 2
4.7893 4.6510 2
5.8547 5.4978 2
5.4829 5.3049 2
5.6192 4.9582 2
4.8551 5.6695 2
4.9979 3.5175 2
3.9292 3.2620 2
2.8721 3.7412 2
4.6386 2.6757 2
4.9778 3.1191 2
3.0779 2.3807 2
4.2984 5.3017 2
5.8252 5.0585 2
4.2460 4.2780 2
2.5772 3.1299 2
2.0942 4.2562 2
4.6686 4.6202 2
4.5000 3.5551 2
3.1407 2.5647 2
4.3745 3.0042 2
2.8171 4.3950 2
3.1224 1.9801 2
3.5280 3.1491 2
4.9505 3.4513 2
1.8986 2.7033 2
4.1697 3.6990 2
3.0384 4.6504 2
5.0889 4.9448 2
3.8193 4.8104 2
3.5069 1.5234 2
3.1167 2.4762 2
2.7064 2.6435 2
5.0586 5.8934 2
3.9581 2.5742 2
3.8792 3.8301 2
2.8291 2.8566 2
3.9215 5.1682 2
4.7671 3.6000 2
3.9420 2.3001 2
5.9783 3.7305 2
5.9653 4.9255 2
2.1299 4.4652 2
4.1440 3.4674 2
4.6433 5.1202 2
3.9783 3.8264 2
3.9989 3.7710 2
4.7094 5.1404 2
4.1698 4.5968 2
3.7923 4.5700 2
3.9492 3.2272 2
4.2462 5.6971 2
4.0395 4.1895 2
5.4993 3.8370 2
4.3897 2.7535 2
1.9955 3.3908 2
2.5894 5.1270 2
5.1770 4.8152 2
3.9007 4.5643 2
2.6564 3.6659 2
4.6048 6.2468 2
5.1859 5.2807 2
3.5179 3.6022 2
4.3404 2.4940 2
3.0657 2.7539 2
3.1042 5.5005 2
1.7447 3.4598 2
4.1869 3.8069 2
2.9997 3.5015 2
4.4003 5.6280 2
3.9249 3.4650 2
2.6567 3.6325 2
5.8680 5.5042 2
3.4781 2.3478 2
4.0809 3.5180 2
4.6566 6.4289 2
2.8879 4.5086 2
3.6068 3.5546 2
3.7485 3.5638 2
3.1868 2.2284 2
3.4490 2.3710 2
4.6989 4.8861 2
4.9781 5.8341 2
3.2015 2.9101 2
3.0059 5.1353 2
2.6965 3.0656 2
5.4921 4.9477 2
4.2652 3.8111 2
3.6972 5.0236 2
2.9749 4.5992 2
5.1028 4.0336 2
4.4929 4.7293 2
2.5153 2.8335 2
2.6727 3.8824 2
3.4146 2.0948 2
1.9428 4.1164 2
3.5010 3.6337 2
3.5814 2.4644 2
3.9508 2.7040 2
3.8770 4.1300 2
3.6769 4.6102 2
5.0985 4.0495 2
3.7835 3.5974 2
4.1063 4.3736 2
3.9095 4.4256 2
2.9724 4.3682 2
3.6566 3.1501 2
4.6632 3.7755 2
5.4473 4.4789 2
3.7945 4.5238 2
4.2127 3.4278 2
3.8851 5.4425 2
3.2547 3.4996 2
4.3387 3.5220 2
4.7436 4.0164 2
3.8855 3.6493 2
2.4717 2.9201 2
4.6589 5.0069 2
3.5611 3.2090 2
3.4088 3.9977 2
3.2259 3.1508 2
5.1367 2.5893 2
3.6724 5.6884 2
5.3202 3.7725 2
3.2164 3.3947 2
2.0197 2.1782 2
2.3433 3.1839 2
3.9291 5.7664 2
6.2781 5.2847 2
2.7016 2.9165 2
4.4291 4.4131 2
4.7330 3.7112 2
4.6257 3.6527 2
4.7907 5.7060 2
4.8876 4.5560 2
2.8178 3.5670 2
3.5190 3.2510 2
2.3330 4.6012 2
3.7269 4.1975 2
4.2128 5.4246 2
3.3247 6.2090 2
5.6544 4.1109 2
4.5701 3.0129 2
3.1012 4.1993 2
3.7198 4.9516 2
6.1704 5.9097 2
4.2928 5.1354 2
5.1040 5.8320 2
3.8771 3.9753 2
5.1670 4.8965 2
5.0119 4.2151 2
3.5078 4.9500 2
2.8485 3.6166 2
5.1161 5.0162 2
2.8872 4.2036 2
3.4033 5.1760 2
3.7550 4.6676 2
5.5746 4.9867 2
4.5025 5.0208 2
3.0343 4.1068 2
4.4582 4.4938 2
3.5411 2.7905 2
5.1231 4.9146 2
5.6620 4.7611 2
3.3806 3.9282 2
3.5656 4.0895 2
2.1561 3.9492 2
4.6416 5.5575 2
4.1518 4.5848 2
4.7062 5.2738 2
4.3825 3.3529 2
3.5700 4.1629 2
5.0341 4.8490 2
2.3670 2.0574 2
2.9075 5.0019 2
4.0302 5.7195 2
4.3233 4.8578 2
4.3314 4.5053 2
2.5930 2.7833 2
3.1476 3.4493 2
4.6481 4.4556 2
5.2287 2.4935 2
3.9604 3.9824 2
3.0509 2.9082 2
5.1622 4.0350 2
5.0334 4.4018 2
4.2753 3.1036 2
2.5589 3.2389 2
2.0934 3.7950 2
2.5916 2.4362 2
3.3861 4.3195 2
3.9415 4.8975 2
5.4578 4.7054 2
5.3952 4.7704 2
5.9178 4.6292 2
4.9004 3.8971 2
4.6366 3.4512 2
2.9119 3.3133 2
5.0482 3.9333 2
4.4010 3.1726 2
3.5890 3.2772 2
3.9432 3.2731 2
5.3629 4.0318 2
3.2992 4.0349 2
2.3085 2.7570 2
3.7731 3.9520 2
3.8971 2.4151 2
2.6949 3.5094 2
3.2634 4.0709 2
2.5414 2.4080 2
4.6523 3.5959 2
3.0595 3.6027 2
3.6364 3.7659 2
4.3560 4.5947 2
4.1107 5.1465 2
3.4221 3.1013 2
6.1905 5.5268 2
3.5483 2.8825 2
3.3715 2.1744 2
4.1529 4.3852 2
3.0744 3.2661 2
3.9328 3.7887 2
2.0677 4.0650 2
3.3851 2.9379 2
3.6409 3.5296 2
5.7142 4.9733 2
6.8085 6.2261 2
3.9978 3.5599 2
6.1119 4.2371 2
3.9787 5.6911 2
2.7927 3.6031 2
4.3051 3.3517 2
3.2470 1.9526 2
3.0569 3.9418 2
4.2339 4.3491 2
5.5310 4.3039 2
4.0692 4.5317 2
2.0146 1.7081 2
3.3789 4.6759 2
3.6153 1.7257 2
4.9999 4.7075 2
4.8842 3.6621 2
4.6227 3.5140 2
3.6128 2.7700 2
4.3442 2.2811 2
3.0033 4.8200 2
