0.6579 1.6006 0
-1.2188 0.7892 0
0.7178 1.1042 0
0.9380 -0.0119 0
0.2024 0.6796 0
-0.0923 -1.0441 0
-0.0853 0.5877 0
-0.0247 -1.0269 0
-0.0332 -0.3203 0
0.6402 1.7107 0
-1.0957 0.4063 0
-0.2200 0.6181 0
0.6720 0.2800 0
-0.9453 -0.9650 0
-1.7264 0.0161 0
-0.4393 0.4243 0
1.3262 -1.5726 0
1.0597 -1.6834 0
1.5684 -0.2862 0
1.9941 0.3840 0
-1.1034 -2.3677 0
-0.5747 0.3036 0
-0.3021 -0.8516 0
-0.8398 1.0045 0
0.5072 -1.2639 0
-0.6731 1.1202 0
0.7268 0.4448 0
2.0328 -0.8951 0
0.5855 0.3995 0
1.0712 0.4501 0
0.4947 0.0596 0
-0.2920 -0.9899 0
-0.0085 1.3110 0
1.2324 -0.4708 0
-1.7713 0.4824 0
-1.3980 0.4958 0
-1.5697 -1.2261 0
-1.2925 -0.5697 0
0.2829 0.2187 0
0.6035 1.0792 0
0.3889 -0.9036 0
0.8513 -1.0795 0
-0.3262 -1.9634 0
0.4984 -1.3221 0
-1.4202 0.3487 0
0.2045 0.7465 0
-0.5020 0.0966 0
0.9702 0.0041 0
0.3673 1.0482 0
0.1790 -1.3945 0
0.8021 -0.0827 0
-0.7011 -1.3639 0
1.4996 -0.9868 0
0.3693 -0.8403 0
0.3453 1.0424 0
-1.6165 -0.5744 0
0.1665 0.8533 0
-1.8661 1.2462 0
0.3137 1.7849 0
-0.4102 -0.6006 0
-1.0891 0.7967 0
2.4135 0.6221 0
0.5168 -0.9938 0
-0.3419 -1.0916 0
-0.4108 1.1464 0
-1.7803 1.8155 0
0.1894 -0.9400 0
0.2409 -1.6248 0
0.1723 1.4114 0
-0.5452 -0.3588 0
-1.2415 0.2868 0
1.5802 -0.5740 0
-1.1655 -1.7624 0
0.8151 0.7377 0
-1.5739 0.4728 0
1.1282 1.6940 0
0.2849 1.0421 0
-1.0297 -0.2917 0
-1.4862 0.5252 0
0.5470 0.8839 0
-3.1024 1.1046 0
0.5045 0.5302 0
0.0980 0.2385 0
-0.9928 -1.2846 0
0.6745 0.9368 0
-0.4855 -1.2668 0
0.3210 1.0115 0
0.9056 0.6097 0
-1.2372 -0.8682 0
1.0936 -0.0696 0
1.3284 1.1406 0
-0.4924 0.2748 0
1.0102 -0.1578 0
0.2847 -0.2219 0
-1.1716 -0.9432 0
-0.4302 0.1267 0
-0.6891 1.3230 0
-0.4465 -0.1236 0
0.7574 -1.7564 0
-0.5068 -1.1152 0
-0.3735 -0.2023 0
1.8410 0.1075 0
-0.0486 0.6682 0
-1.6468 0.3082 0
0.2122 -0.3791 0
0.8554 -0.4307 0
-0.4621 0.7831 0
-0.8275 0.1135 0
-2.8833 0.6390 0
0.9054 -1.5445 0
-0.8667 0.0286 0
-0.0305 -1.0550 0
-1.1104 0.7098 0
-1.6862 -1.7317 0
1.5434 -1.3024 0
0.0287 1.0387 0
-0.6367 -1.6212 0
2.1540 0.1174 0
0.3233 1.1934 0
1.1630 -0.6375 0
0.5656 0.1166 0
1.4642 -2.5626 0
-0.1246 1.3747 0
-0.4907 -0.5171 0
-1.0382 0.6796 0
0.0354 0.1211 0
1.3180 1.4428 0
0.2519 0.0253 0
-0.1081 0.3288 0
0.8028 -1.8815 0
0.4455 0.1880 0
0.0467 -0.9415 0
0.5812 -1.8970 0
-0.5935 -2.5288 0
-0.3313 0.7722 0
1.1441 0.2971 0
0.3733 0.8334 0
-0.0620 -0.7274 0
-1.3434 0.9910 0
-0.8345 0.8424 0
-0.7142 1.7633 0
-0.3151 1.2278 0
-0.7440 1.8518 0
-0.7207 1.0347 0
-1.3645 -2.7588 0
0.4342 -0.9162 0
-2.0842 0.3040 0
-0.5195 -0.8966 0
0.3783 -0.5321 0
-1.8949 0.8352 0
0.1296 0.5662 0
0.0446 -0.7020 0
0.3690 1.5262 0
-0.5059 -0.1091 0
1.2425 -1.4888 0
1.5481 -1.1031 0
0.7589 -0.3896 0
-0.6234 0.3764 0
-0.7962 -0.7459 0
1.2786 -0.2695 0
1.0477 -0.3948 0
1.1243 -0.6113 0
0.1322 -1.0023 0
1.6360 0.2211 0
0.3695 -0.4977 0
1.5263 -0.3603 0
1.1750 -0.9400 0
0.8946 0.2571 0
-0.0994 -1.2653 0
-0.1343 -0.3076 0
-1.2174 1.0687 0
-0.1898 0.9192 0
0.5842 -0.8184 0
0.2418 1.2093 0
0.8779 -1.1622 0
0.0882 -0.2875 0
0.4668 -1.2058 0
-0.3964 -1.5864 0
0.0640 0.9496 0
-0.3951 0.8870 0
1.0473 -0.0222 0
-0.3531 0.6627 0
-0.9844 -2.2527 0
0.0731 -1.5572 0
1.0262 0.2555 0
0.2283 -0.3518 0
-0.4349 1.3429 0
-0.8454 -0.9430 0
-0.2262 -0.8118 0
0.8849 0.8886 0
-1.6485 0.3395 0
-0.2841 -0.4092 0
-0.2287 -0.5099 0
-0.8323 1.9780 0
-1.7375 0.2699 0
0.8299 0.0323 0
-1.3561 -0.7046 0
0.9419 0.0330 0
0.5632 -1.0562 0
-0.0323 -0.4985 0
-0.1748 -0.7103 0
-0.2815 -1.2039 0
0.4632 0.4012 0
-0.6828 0.8259 0
0.0806 -0.4219 0
1.3747 -0.0174 0
0.3716 -0.3199 0
1.4002 1.0633 0
-1.7647 0.6064 0
-0.1292 0.0179 0
0.8611 -0.1945 0
-1.5159 -0.2746 0
-0.7224 -0.6697 0
0.8215 -0.1029 0
-0.8694 -0.0536 0
-0.7967 0.5074 0
-1.0716 0.1609 0
1.9744 -0.4267 0
-0.3988 1.6672 0
0.7081 -2.7797 0
0.5970 1.0843 0
-0.8138 2.0000 0
-0.1864 -0.2596 0
-0.8188 0.4285 0
1.1416 0.0562 0
-0.2791 -0.4367 0
0.2341 -0.0734 0
-0.5859 -1.0582 0
-1.0919 1.3670 0
-1.6751 0.2109 0
-1.1845 -0.5275 0
1.0848 -0.4935 0
1.5396 -0.7542 0
-0.2007 -1.7427 0
0.3734 0.6405 0
-0.1495 -1.2553 0
1.7174 0.6093 0
0.0164 -0.3245 0
-0.5675 -0.5586 0
1.0866 0.6094 0
-1.6068 -0.4798 0
-0.1949 -0.0496 0
-0.6430 -0.4621 0
0.0710 -0.5064 0
-0.5794 0.7183 0
-0.7220 -0.1296 0
-0.4320 0.9455 0
-0.3931 0.4084 0
-0.4338 -0.7038 0
1.0125 1.4371 0
0.2182 -0.3663 0
0.2471 0.4222 0
0.6364 -2.3528 0
1.1051 0.1652 0
-0.8696 -0.1348 0
0.1439 -1.6469 0
-0.8816 -0.6247 0
-1.0868 -0.6566 0
0.9265 1.1973 0
0.7471 0.4368 0
-1.2391 -1.2728 0
0.6337 1.1455 0
0.6169 0.2752 0
-1.2119 0.5294 0
-0.8203 1.1321 0
0.3727 -0.6294 0
1.2642 -0.5374 0
-0.2586 0.7106 0
-0.4927 0.2621 0
-0.8771 -2.0242 0
0.4011 0.8713 0
1.5795 0.4963 0
-0.5302 0.6131 0
0.2992 -1.0619 0
-2.4802 0.4543 0
-0.9066 1.5038 0
0.3588 -1.3038 0
0.4970 -0.1225 0
-0.1827 1.3465 0
1.0547 1.4480 0
0.6041 -0.3041 0
-0.4727 0.0440 0
-0.6974 0.4827 0
-0.6183 0.0758 0
-0.9278 0.3842 0
0.6578 0.3286 0
1.8159 -1.9812 0
1.5199 -0.1062 0
-1.2263 0.0343 0
-0.4239 -1.0143 0
-0.5351 -0.8189 0
-1.2016 -0.3346 0
0.4320 -0.5074 0
-0.7111 -0.3875 0
0.3442 1.5666 0
-0.7480 1.3718 0
0.5590 0.1634 0
-0.5453 -0.1892 0
0.5899 0.4726 0
0.2795 0.2380 0
0.4150 -0.5773 0
-1.0960 0.6872 0
-0.2169 -1.4925 0
0.6154 1.3685 0
0.4269 0.4344 0
0.1597 -0.0930 0
-0.9034 -0.2569 0
-0.6672 -0.4388 0
-1.9218 -1.5107 0
-0.2263 -0.4938 0
0.0373 -1.9030 0
-0.6899 -1.4488 0
-0.2543 -0.8857 0
-1.3254 -0.2565 0
-0.1206 -1.2206 0
-1.7299 -0.7856 0
-0.8731 1.1657 0
-0.1223 -1.6439 0
0.4884 -0.6720 0
-0.4333 0.0115 0
1.4564 -0.0883 0
-0.6199 -0.3874 0
-1.0521 1.0929 0
0.5181 -0.1885 0
0.9736 -0.9090 0
0.0343 -1.9345 0
-0.9759 1.8321 0
-0.1954 0.2011 0
-0.7980 -0.9567 0
-2.5249 -2.2217 0
0.7334 1.3563 0
-0.3228 0.5169 0
-0.0282 0.2998 0
-0.2590 -0.2331 0
0.7040 -0.0325 0
-0.2259 -2.3090 0
0.3861 -1.9663 0
0.9802 0.3337 0
-2.0620 -0.1316 0
2.1052 0.6730 0
-0.5966 0.5816 0
-0.7246 -0.3191 0
-0.3136 -0.5136 0
1.0656 0.1720 0
-0.7509 -1.0822 0
0.5479 0.6863 0
1.0761 -1.8890 0
-2.3467 2.1877 0
0.6113 0.2854 0
-1.1694 1.6434 0
0.1692 1.7121 0
1.6168 0.5487 0
0.3525 -2.3067 0
0.8430 -0.8498 0
-1.2632 0.3564 0
-0.3941 1.5926 0
0.8510 -1.2323 0
-0.9170 2.1395 0
-1.6743 -0.6820 0
0.9888 0.4028 0
-0.2002 0.1323 0
-0.3853 -0.1767 0
0.7110 -1.3078 0
-1.7443 -0.3901 0
-0.7554 -0.8475 0
-0.8061 0.4747 0
-0.8654 1.4597 0
-0.6013 -0.0224 0
-0.1451 -0.3129 0
-1.4270 0.5180 0
-0.9574 -1.1583 0
0.9461 0.7726 0
-0.3421 -2.4772 0
-0.4739 0.5706 0
-1.7234 0.2318 0
0.4231 0.0046 0
-0.8242 -0.0559 0
0.3328 0.6974 0
0.5041 0.9746 0
-0.9879 0.3764 0
0.6917 1.3270 0
0.5298 0.6491 0
2.1920 1.8379 0
0.7846 -0.3953 0
-0.6716 2.0990 0
-0.4930 0.8728 0
0.8627 -0.6685 0
-0.7849 -0.3769 0
1.5776 -2.2021 0
-0.0519 -0.3425 0
1.1899 0.3387 0
-0.6207 -0.2386 0
-1.3832 0.5782 0
1.3119 -2.0382 0
0.1852 -0.5226 0
-0.6334 0.7000 0
0.7130 -0.0996 0
-0.4581 -0.5183 0
-0.5061 0.6814 0
1.8360 0.2257 0
0.3790 1.6893 0
-1.4788 -0.4207 0
0.5330 2.0022 0
-0.2994 1.0477 0
-0.0199 -1.2713 0
1.6338 1.5653 0
-1.3247 -1.1937 0
-1.1419 -1.8035 0
-0.5549 -1.1062 0
-1.7077 -0.8471 0
0.9807 3.3788 0
-0.6395 0.9143 0
-0.8494 2.0328 0
-0.1561 1.0759 0
-0.2099 -1.1194 0
-0.6839 -0.3162 0
0.2046 -1.5396 0
-0.4821 -0.6513 0
-0.7947 -0.9518 0
0.3915 1.2396 0
-0.2196 0.6631 0
0.5489 -0.7910 0
-0.0507 -1.3766 0
-1.0325 -1.2981 0
0.5666 -1.6831 0
0.5342 1.7127 0
-0.0183 1.3278 0
0.1041 1.0526 0
0.2328 -0.4512 0
-1.7084 -0.8202 0
-0.3510 -0.7610 0
1.2091 -0.4316 0
-0.9746 -1.8361 0
-1.9895 -1.2017 0
-1.0248 0.2177 0
0.5061 0.9412 0
1.8423 -0.5993 0
-0.1512 -0.3772 0
-0.4168 -2.0814 0
-0.7513 -1.1350 0
-1.2231 -2.0310 0
-1.8594 -1.8062 0
-0.1417 0.1362 0
0.6858 0.3074 0
0.3683 -0.1628 0
0.5789 0.1323 0
0.0060 -2.9166 0
-0.4306 2.3435 0
0.3846 -1.2260 0
0.4119 -0.4524 0
-2.4448 -0.4879 0
-0.2195 -0.2783 0
-0.2673 -1.2449 0
0.0542 1.1776 0
-0.9482 -0.6737 0
-1.1367 0.3621 0
-1.8453 0.1175 0
1.1877 -0.8360 0
1.2399 -0.2395 0
-1.5335 -0.6406 0
-0.2019 0.4122 0
-1.2840 -1.5773 0
0.7754 0.2950 0
-1.0840 -0.9723 0
0.8678 0.2587 0
1.8876 0.6567 0
0.5871 -0.3039 0
1.2261 -0.2382 0
-0.0920 -0.6155 0
-0.8058 -0.4147 0
0.3454 -0.1403 0
0.2295 0.3627 0
-1.0631 2.0002 0
-0.2484 -0.3336 0
-0.2489 -1.2375 0
0.6901 -0.5848 0
-1.3726 1.7176 0
0.5846 0.7928 0
-0.2174 0.2671 0
1.3416 -0.2861 0
-1.4920 0.8082 0
0.5584 1.5316 0
0.5095 0.2840 0
-0.8595 0.1813 0
-0.7819 -0.4228 0
-0.8126 -0.2793 0
-0.7863 0.1147 0
0.5350 0.4205 0
-0.1162 -1.5367 0
-0.3677 -0.6109 0
0.0869 2.0434 0
-1.7886 -0.9156 0
-0.4404 -1.6313 0
-1.0687 -0.9010 0
0.5034 1.2752 0
1.0889 -1.4744 0
-0.2482 0.8519 0
0.1661 1.0380 0
0.2168 -0.2010 0
-0.3233 -1.9866 0
1.2241 -0.8199 0
-1.1537 0.7717 0
1.0741 -1.3143 0
-0.8885 1.3255 0
-1.2672 1.1472 0
0.1381 -0.3385 0
1.0574 -0.4734 0
-0.0854 0.4943 0
-1.9675 -0.6933 0
-1.0252 -1.1830 0
-0.8604 1.8659 0
-0.3528 -0.1609 0
-0.9770 0.2099 0
-1.9120 -0.2759 0
-1.0437 0.8071 0
-0.3816 -0.0886 0
-0.9659 1.4498 0
-2.6592 0.5185 0
1.0419 -0.8760 0
-0.0445 -1.5582 0
-0.8655 -0.0223 0
-0.3893 0.2949 0
0.5516 -2.0875 0
0.1784 0.1127 0
1.3818 -0.9302 0
0.9213 -2.4313 0
0.4250 -0.2042 0
-0.4854 -1.1009 0
0.8172 -2.5368 0
-0.8864 0.4494 0
-1.8036 -0.5009 0
-1.7872 -0.4894 0
0.3258 0.1472 0
0.0722 -2.0472 0
-0.6742 0.5869 0
0.0826 -2.8813 0
-1.7963 0.1900 0
2.6371 -0.3027 0
1.1536 1.4995 0
-0.6463 -0.3768 0
0.8272 -0.2719 0
-0.2173 2.1230 0
-0.7095 -1.2331 0
0.8957 0.7320 0
-0.5102 -0.0809 0
-0.3770 1.1186 0
-0.2515 -1.9103 0
1.0016 0.7623 0
1.4326 1.3038 0
-0.7819 1.0509 0
-1.5858 0.4558 0
-1.3169 1.8587 0
-0.7352 -0.0764 0
-0.2269 -0.2761 0
-0.6886 0.6929 0
-0.9653 -0.2336 0
0.7123 -0.1786 0
-1.0156 -1.5416 0
-1.3945 0.2815 0
-1.5080 0.7807 0
-0.4676 0.8419 0
-0.2869 0.2663 0
-1.3050 -1.8599 0
1.2372 -2.4131 0
-0.8711 2.3733 0
-0.4206 0.0788 0
-0.2953 1.1392 0
0.8761 0.9903 0
0.6913 0.5169 0
2.0984 1.0253 0
1.0737 -1.1690 0
-1.7137 1.0102 0
0.9198 -0.5859 0
0.7897 -0.2951 0
-0.7588 2.3985 0
-0.9947 0.1034 0
-0.3193 0.7236 0
0.8040 0.4850 0
0.9032 -1.0842 0
-0.7501 1.1525 0
-0.2036 -0.4368 0
0.8772 1.1912 0
1.6505 -0.7064 0
-0.3778 -1.0698 0
0.0172 0.2628 0
0.7717 -0.2655 0
-0.7686 0.4870 0
-0.1982 -1.2752 0
-0.5552 -0.0133 0
-0.1165 0.8509 0
-1.4711 1.8924 0
-1.4952 -2.2877 0
0.6047 0.1294 0
-0.0856 -0.2685 0
1.1876 -0.2783 0
-0.0749 -1.1960 0
0.4985 0.9084 0
-0.2851 -0.2696 0
-0.7312 -0.4285 0
1.1573 -2.1764 0
-0.5513 1.2873 0
-1.0074 0.1254 0
0.3519 -2.3638 0
-0.7257 0.5456 0
-0.1091 1.1365 0
0.2269 0.7928 0
0.1627 -0.4462 0
1.2739 1.0289 0
-0.0778 0.2077 0
-0.3800 -1.3874 0
-1.2048 -0.9218 0
3.4934 -0.8955 0
-0.7517 -0.4591 0
2.1582 1.4456 0
0.7426 -0.4136 0
-0.9475 0.2109 0
-1.3604 0.8845 0
-0.5736 2.4886 0
0.9023 -0.3138 0
-0.3031 -0.1547 0
1.0653 1.1154 0
-0.3159 0.8571 0
-1.2323 1.3235 0
-0.5566 -1.5674 0
0.6099 -0.5076 0
0.0458 -1.1834 0
0.4281 1.2817 0
2.9599 1.2290 0
0.3329 -1.3882 0
0.8822 -0.0125 0
0.7476 0.5924 0
1.1786 -0.7956 0
1.5919 -0.9304 0
-0.5704 0.1190 0
-0.7331 -0.0821 0
0.0459 -0.0868 0
-1.0164 0.8653 0
-1.2916 0.1784 0
-0.9049 -0.2906 0
-1.0658 0.5857 0
-0.3998 -0.5245 0
-0.7846 -0.4288 0
0.9321 1.0486 0
-0.4863 0.5656 0
-0.1348 1.0700 0
-0.5388 -0.0862 0
1.1996 -0.9019 0
-0.8335 -0.4139 0
2.4165 0.2210 0
0.5742 0.4262 0
-1.8577 0.0901 0
2.0909 0.3874 0
-1.0094 0.5792 0
0.6657 -1.3716 0
-0.6181 3.1375 0
-0.3245 -0.7622 0
0.9743 0.2499 0
-1.3694 -0.7263 0
1.0169 -0.1122 0
2.0175 -0.0711 0
-0.8973 -0.7906 0
0.8735 -0.6109 0
1.0148 -1.7997 0
0.6741 0.3494 0
0.3813 -1.0861 0
-0.8303 -0.3230 0
0.4021 2.0066 0
1.0437 -0.9471 0
0.2833 -0.7398 0
0.2659 -0.5876 0
-0.4835 -1.0495 0
1.1506 1.1225 0
-0.6784 -0.6155 0
0.5698 0.2628 0
0.9255 -1.4720 0
-0.1410 -1.2793 0
-0.0012 -0.0178 0
0.0445 -0.4053 0
1.7113 -1.8073 0
-2.0338 0.7725 0
-0.8401 -0.7322 0
2.0272 1.0311 0
-1.2881 1.0893 0
0.9158 0.2657 0
-1.3664 -0.1432 0
-1.2339 0.5419 0
0.2269 0.2984 0
1.0840 -1.6881 0
0.0457 -0.2511 0
1.8800 1.4767 0
-0.8916 0.6830 0
-0.3706 -0.9600 0
-0.5468 0.2643 0
-1.8236 0.0299 0
0.7197 1.7350 0
-1.1804 1.5071 0
-1.2746 -0.1502 0
0.1437 -0.7142 0
-0.1777 0.8572 0
-0.0440 0.7938 0
0.8724 -0.4466 0
-1.3283 0.1205 0
0.1147 -0.7429 0
1.4635 0.5221 0
1.0919 -0.6686 0
-0.3967 -0.5499 0
-0.1625 -1.2620 0
0.9855 -1.1171 0
-0.2630 2.2442 0
-0.4026 -0.9470 0
1.9246 -0.0072 0
0.9983 -1.4871 0
2.3036 -1.1883 0
-2.3143 -1.0968 0
1.8785 2.2817 0
1.0718 0.8837 0
-2.3712 0.1266 0
-0.2927 1.2121 0
0.8862 0.9475 0
1.1131 0.7440 0
0.8239 0.1388 0
-0.5058 -0.6298 0
-0.7965 -1.9978 0
0.5454 -0.9558 0
1.1579 0.0871 0
-0.5987 0.2225 0
-1.0618 -0.3055 0
0.8346 1.6509 0
-0.6528 -0.5479 0
1.0733 0.0863 0
-2.5309 -0.0923 0
-0.4524 0.8437 0
-1.6663 0.9011 0
0.0148 0.0920 0
-1.4043 -0.8498 0
-0.4088 1.1880 0
-0.5688 -0.3646 0
0.3087 2.1444 0
2.1273 -0.2113 0
-0.3245 -0.1503 0
-0.4152 0.2244 0
1.0745 1.4336 0
0.4105 -0.0564 0
1.0768 0.2705 0
-0.5542 -0.5644 0
0.2056 0.5000 0
-0.7038 -1.5989 0
-0.6381 -1.1826 0
1.1225 -0.8660 0
-1.1546 -0.5686 0
-0.2678 0.5261 0
-0.7936 1.5307 0
1.1265 1.0321 0
0.0005 -0.9276 0
-1.7945 1.1987 0
0.8927 0.4483 0
-0.7462 -0.2680 0
-1.4386 1.3212 0
-0.8378 1.2136 0
-0.8221 -0.1838 0
0.1692 0.1048 0
1.4905 0.2087 0
0.0266 2.0120 0
-2.1651 -0.6951 0
-0.3778 -0.7895 0
0.9661 -0.4278 0
-1.6158 -0.8995 0
-0.7420 -0.4873 0
-3.0481 -0.2311 0
0.0361 -0.3379 0
0.2701 -0.9801 0
-0.8728 0.1553 0
-1.3520 0.1842 0
-0.1604 -1.6055 0
0.8281 -0.6371 0
-0.2732 -1.7651 0
0.3271 -0.9721 0
1.2044 0.4143 0
0.4045 -0.2110 0
-0.6631 0.3268 0
0.4836 -0.4192 0
-0.3919 2.3602 0
1.0783 0.7091 0
0.5689 0.7197 0
0.2883 -0.6733 0
2.0622 0.7812 0
-0.7491 0.2529 0
0.9565 0.9769 0
1.2745 1.4741 0
1.0104 0.4160 0
0.9060 0.1980 0
0.2227 -1.1270 0
0.4619 -0.2534 0
-1.5643 0.4963 0
-1.3195 -0.3214 0
-0.1325 2.2354 0
0.8799 -0.7950 0
0.5064 1.0874 0
-0.3380 -1.3819 0
-0.2330 -1.1053 0
0.0760 -1.2933 0
1.3161 -0.2340 0
0.2151 0.5731 0
1.5191 -1.2770 0
1.0923 -0.2024 0
0.6262 0.2028 0
0.9746 0.4450 0
-0.8220 0.0668 0
-1.6027 1.4538 0
-1.0231 -0.7364 0
-0.9600 -1.2237 0
-0.8928 -0.3443 0
-0.0882 -0.3553 0
0.0462 -0.0962 0
0.9390 0.5130 0
1.3303 -0.3789 0
2.5450 -0.5084 0
-0.5668 0.9302 0
0.4267 -0.1034 0
-1.2649 -0.1388 0
-0.4981 -1.6243 0
-0.7668 -0.8965 0
0.2247 -1.2887 0
0.4049 -0.9505 0
-0.3859 -1.7038 0
0.2474 -0.8854 0
-0.9371 0.7827 0
0.0722 0.1512 0
2.3459 1.1255 0
0.2512 -0.9603 0
0.3964 0.2897 0
-0.4650 -0.3717 0
-0.1235 -0.4310 0
1.6143 0.8420 0
-0.9094 0.9705 0
-1.5295 0.5833 0
0.1957 0.0009 0
0.1407 -0.7869 0
0.5159 -0.8060 0
-0.2948 0.8567 0
0.5985 1.1400 0
-0.6755 -0.5794 0
-0.7798 -0.5212 0
-0.7148 0.2937 0
-0.5716 1.6300 0
-0.9656 -0.4124 0
-1.3279 -0.5990 0
0.0715 1.0848 0
2.5368 -0.7994 0
0.1014 1.9793 0
-0.9437 0.6394 0
-0.3847 -0.0737 0
1.4755 -1.4201 0
0.0850 1.0805 0
0.9653 -0.3783 0
-0.7733 -0.5435 0
0.1202 -1.3051 0
0.1471 -1.6851 0
0.6232 0.2537 0
0.2424 -0.0246 0
0.7297 -0.2151 0
-0.9835 -1.2804 0
-0.4102 -0.7766 0
-0.5451 -0.1620 0
-0.0309 0.7576 0
1.5484 1.8453 0
-2.0403 0.7814 0
-0.1571 -0.0895 0
-0.3983 0.7260 0
-0.8942 -1.2901 0
-0.1266 0.1216 0
-0.4389 0.1086 0
-1.1016 0.4415 0
0.9980 1.0848 0
1.2171 -0.0062 0
-0.4393 -1.0839 0
-0.9503 0.1521 0
0.4364 -1.1091 0
-0.9748 1.5476 0
-2.0467 1.8936 0
0.2514 -0.2315 0
0.2465 -1.4705 0
-0.7557 -0.9486 0
1.8449 0.0293 0
0.7951 0.5819 0
2.1288 0.0254 0
-0.1704 0.7959 0
-0.0113 -0.6864 0
0.8356 -0.0812 0
-0.3115 -0.2439 0
0.6274 1.1974 0
1.2436 -2.0547 0
2.3711 1.5754 0
0.2525 -0.1956 0
-0.3195 1.7917 0
-3.9818 0.0078 0
1.3210 0.3686 0
-0.4840 0.7736 0
0.2545 0.6368 0
0.2053 -0.5943 0
-0.3120 -1.2868 0
-0.3487 -0.2744 0
0.4432 0.4803 0
0.1493 1.1319 0
0.0530 0.2650 0
-0.1982 -0.5891 0
0.5329 -1.2253 0
-0.5630 1.4039 0
-1.1789 -2.3721 0
0.9754 -1.9912 0
0.4597 -1.3839 0
-1.2432 -1.0690 0
0.8432 0.7895 0
0.2305 -0.4955 0
-2.0087 1.3543 0
-0.9847 1.4586 0
-1.3115 0.2683 0
-1.0219 -0.8037 0
1.1976 0.8018 0
-0.3551 0.1815 0
-1.1380 -1.3305 0
1.8324 3.5504 0
-0.3811 -0.6453 0
-1.0860 0.8426 0
1.7723 0.4032 0
-0.3131 -1.3675 0
-0.9815 0.3755 0
0.6829 -1.5430 0
0.2924 0.6463 0
0.0920 0.1912 0
-0.1102 -0.5376 0
1.1981 2.3906 0
-0.3085 -0.3137 0
-1.0681 0.1670 0
0.8201 -0.2433 0
-0.5014 -1.1153 0
1.0738 1.1359 0
-1.5554 1.1773 0
-0.3032 -1.4042 0
-3.1606 0.2646 0
-1.4230 -1.2952 0
0.0871 -0.2505 0
1.0877 0.4695 0
0.8638 1.4549 0
-0.0270 -2.3092 0
-1.8370 -1.4942 0
-0.6854 0.2740 0
1.7594 -0.8567 0
-1.2489 -1.1483 0
0.1631 -0.7998 0
-0.7142 0.2105 0
0.2344 -0.6107 0
-0.4826 0.3175 0
0.6281 -0.4771 0
0.5108 -2.7078 0
-0.4148 -0.1975 0
0.0620 0.7548 0
0.7245 -0.0324 0
3.1175 0.1543 0
-0.8608 -0.7739 0
0.1102 0.7052 0
-0.4770 -1.7705 0
-0.1238 -1.8615 0
0.6914 1.5997 0
-1.3763 -0.9452 0
0.3528 0.5090 0
0.3372 1.2482 0
1.5431 -1.5834 0
-0.4827 1.0898 0
1.3194 -0.3611 0
-0.2599 1.4406 0
0.9144 -0.1941 0
-0.7651 1.1355 0
0.1755 0.5168 0
-0.2345 -0.4869 0
0.6786 0.0069 0
0.5201 1.4002 0
0.6435 0.9563 0
-0.1738 -2.0399 0
1.0075 0.0926 0
0.5113 -0.4906 0
0.8177 0.2351 0
0.0433 1.8862 0
-0.7232 0.2814 0
-0.3395 1.1360 0
-0.2165 -0.5813 0
-1.6977 -0.0176 0
-0.6183 -1.0197 0
-0.8022 0.4806 0
1.2789 -3.4152 0
0.8002 0.8026 0
-1.8767 -0.1839 0
0.9410 -1.3466 0
0.6549 0.7710 0
-0.3956 -1.1426 0
2.4015 -1.0758 0
1.2415 -1.0439 0
-1.6056 1.1682 0
-0.6642 -0.5812 0
-0.9141 -0.1353 0
1.8357 1.5315 1
4.4020 1.8920 1
4.5329 1.0256 1
3.8890 0.3172 1
4.5579 0.7182 1
2.6555 1.3922 1
4.8673 0.4074 1
2.8943 0.8839 1
3.6309 1.6907 1
3.1578 0.5990 1
2.4166 -0.2697 1
2.9862 0.3461 1
4.0776 0.1328 1
2.4773 0.6483 1
4.7120 -0.0186 1
3.7501 1.0765 1
4.8600 2.1065 1
5.3270 0.1660 1
5.5118 1.8126 1
3.7004 1.7951 1
3.0844 1.2626 1
4.0897 -0.0740 1
3.3877 1.5817 1
2.5027 1.9995 1
5.6769 1.8594 1
5.7194 2.0517 1
4.2969 1.7147 1
2.9591 1.8569 1
3.7768 -1.0315 1
3.4823 0.2511 1
2.9059 0.3670 1
4.2274 2.0281 1
4.9651 1.1568 1
5.7487 0.6936 1
3.8792 2.2095 1
4.5824 0.6949 1
5.7066 -0.0759 1
5.4548 2.8102 1
4.5081 0.3727 1
4.3907 -0.0438 1
4.5651 1.0018 1
4.0997 0.2096 1
1.7852 1.7832 1
5.6696 1.4648 1
5.6418 1.5395 1
4.4623 1.3698 1
4.4712 1.4906 1
5.5182 1.0025 1
4.2462 1.1183 1
2.7418 -0.7635 1
3.7091 -1.5491 1
4.4375 0.9629 1
3.0210 1.6571 1
5.2728 2.4152 1
4.2352 0.0877 1
5.2227 0.4157 1
3.5344 0.9049 1
3.4067 0.0175 1
3.6688 1.3955 1
4.0048 1.2515 1
4.0520 -0.2692 1
4.6853 0.6558 1
4.5505 1.8064 1
3.2199 0.9045 1
6.0564 3.0068 1
3.7335 0.5513 1
4.9929 -0.2907 1
2.6577 0.2893 1
4.3554 -0.4508 1
4.5352 1.2121 1
3.5627 1.1824 1
4.9683 0.7076 1
5.2058 1.7050 1
3.0083 0.9006 1
3.3487 1.2195 1
4.1937 1.7151 1
3.4141 -0.8425 1
2.6279 1.9198 1
5.0215 2.8956 1
3.9165 0.4323 1
2.1956 -0.0420 1
5.2445 1.1361 1
4.0733 1.5587 1
4.2250 0.7104 1
3.8024 1.4111 1
5.4134 0.8752 1
3.1170 1.2521 1
3.9052 1.1792 1
4.3414 3.4084 1
3.4649 0.5849 1
4.9125 2.0839 1
2.9854 0.7344 1
3.5908 0.4250 1
5.1358 0.0704 1
5.1167 0.4898 1
3.0826 1.8152 1
5.6860 1.7528 1
5.1950 0.1489 1
3.1788 0.4254 1
5.5415 1.3325 1
3.0536 0.4071 1
4.3517 0.8456 1
2.2196 1.5021 1
5.5488 2.5045 1
2.3039 1.3370 1
3.7893 -1.0410 1
4.0108 1.0082 1
4.9800 1.3046 1
5.2012 1.0947 1
3.9922 0.9730 1
2.9346 1.2002 1
5.1672 1.3886 1
3.2150 -0.7026 1
2.5059 0.6555 1
4.5935 1.1165 1
3.1644 0.1130 1
5.1480 0.3098 1
3.8762 0.3414 1
4.6438 0.1455 1
3.6934 0.5623 1
3.9676 1.9694 1
3.6063 0.5555 1
3.3694 1.7199 1
4.4260 0.9150 1
5.0050 0.6498 1
6.1088 1.5057 1
3.1055 -0.1894 1
5.6331 2.2143 1
2.7960 0.7742 1
2.8044 0.9523 1
3.8922 1.0265 1
5.3710 -0.6445 1
5.6592 1.2553 1
3.5853 -0.0533 1
4.3740 1.9054 1
3.8285 1.6221 1
2.3815 0.6513 1
4.7144 1.4778 1
2.2511 0.0976 1
4.5583 0.8515 1
4.5061 0.4312 1
4.1724 -1.5081 1
3.6002 0.6680 1
5.9836 0.0504 1
3.8947 2.7118 1
5.0602 1.0157 1
4.2250 0.4560 1
3.6737 1.1924 1
3.0286 1.0539 1
4.3521 1.1381 1
4.2967 -0.8317 1
4.2946 -0.0878 1
3.6746 0.6251 1
6.0562 2.3584 1
4.6102 1.6236 1
3.6499 1.3391 1
4.0420 -0.0378 1
4.1257 1.9617 1
4.4053 1.8181 1
4.2433 -0.3013 1
1.5458 1.7343 1
3.7974 1.1026 1
3.6371 1.3164 1
4.2106 2.5917 1
4.2172 2.1967 1
3.9154 1.5794 1
3.6832 1.7019 1
3.9552 1.8188 1
4.9508 1.7960 1
4.5465 2.4382 1
2.7887 0.6921 1
5.0308 -1.3388 1
2.7939 -0.0787 1
2.9266 0.2896 1
3.5989 1.8092 1
5.8550 -0.0656 1
3.4449 -0.1291 1
3.7973 0.6460 1
3.0019 -0.5923 1
3.7969 1.4190 1
2.7555 -0.1944 1
2.6026 -1.2367 1
3.5278 0.9876 1
5.5816 0.0795 1
5.8647 3.6514 1
3.2241 0.2622 1
3.0272 1.0265 1
4.6533 3.0669 1
3.8718 0.5220 1
3.0295 1.8909 1
4.2491 -0.0705 1
4.5098 2.1686 1
3.2084 0.6626 1
3.9426 0.2167 1
4.0658 1.8283 1
4.2522 1.8465 1
2.5970 1.7130 1
2.2451 -0.4408 1
3.1708 0.5974 1
4.9761 -0.0060 1
3.2908 0.4373 1
2.4494 1.1078 1
2.9666 -0.0639 1
4.7160 0.8364 1
4.8271 1.6366 1
4.9563 0.8631 1
6.2385 2.6462 1
3.4627 0.7475 1
3.1638 1.2474 1
3.5149 1.5497 1
3.2704 1.3628 1
1.9569 0.4622 1
1.6459 1.3018 1
3.9031 2.1807 1
4.8953 2.2346 1
4.5623 2.4205 1
6.0165 0.4126 1
2.5132 1.8246 1
5.7328 0.8550 1
4.0725 -0.5200 1
4.3357 1.4375 1
3.3372 0.5122 1
5.3009 0.4775 1
3.8235 -0.2249 1
3.0699 0.7772 1
4.8280 1.6035 1
4.0400 0.1365 1
4.4081 1.7754 1
3.7512 1.4255 1
3.6267 2.1835 1
3.5816 2.6505 1
5.3135 1.0385 1
3.9690 0.6124 1
4.0953 0.2509 1
3.3182 1.1227 1
3.1995 1.3588 1
5.0798 1.4498 1
4.5251 0.0995 1
3.3918 1.4828 1
3.9981 1.7557 1
4.8358 2.3550 1
3.7412 -0.2668 1
4.0424 1.0726 1
5.2049 1.7420 1
4.2530 -1.0623 1
5.1939 1.8787 1
1.6110 0.3443 1
5.4186 -0.8672 1
3.9481 0.3535 1
2.4510 1.0889 1
5.7215 0.3591 1
4.5655 1.4541 1
3.4817 2.7722 1
4.2142 -0.3783 1
4.2364 1.4585 1
4.9933 1.5059 1
2.9973 -0.2876 1
5.0227 0.5392 1
3.8758 2.1029 1
4.4864 1.7089 1
5.1869 -0.8669 1
3.1820 -1.3103 1
2.6573 0.0136 1
2.5196 -1.3465 1
5.0213 -0.5044 1
3.7063 0.7923 1
4.2394 -0.4296 1
2.4253 0.6824 1
3.5803 0.0765 1
5.2125 0.2642 1
4.3948 0.5183 1
4.1530 1.2197 1
3.2425 2.2839 1
3.6799 0.2965 1
3.8646 0.6106 1
5.6411 1.7998 1
3.0110 0.9477 1
2.6779 1.5774 1
4.1064 0.5168 1
4.3725 0.1824 1
3.4704 0.1304 1
3.4075 1.7506 1
3.3264 2.0187 1
5.7368 1.7647 1
4.5025 1.1850 1
6.6529 1.8355 1
5.5569 2.1299 1
4.6830 2.6394 1
6.3566 1.5971 1
3.1044 0.6669 1
2.3754 0.4190 1
4.5804 0.6129 1
2.8651 1.8116 1
3.7193 0.0770 1
3.6827 2.2322 1
3.9057 -0.8199 1
1.5614 0.7436 1
4.0613 1.6530 1
5.2614 1.5164 1
2.7657 0.3418 1
5.0384 0.8992 1
4.4601 0.3576 1
3.3309 2.4361 1
4.9358 2.1523 1
5.1255 -0.4019 1
2.9368 0.3062 1
4.6734 0.6948 1
3.4223 3.5819 1
3.8916 1.0726 1
3.4856 2.1943 1
3.9225 0.9922 1
4.7016 0.0512 1
5.4227 1.2002 1
2.9307 0.1815 1
2.7622 0.7623 1
4.8941 1.6068 1
4.7731 1.0619 1
4.7097 1.1164 1
4.5357 1.4656 1
3.0159 1.3557 1
5.7918 0.6072 1
3.7686 2.2024 1
1.8345 -0.2218 1
4.2954 1.4681 1
5.4808 2.8234 1
2.0640 -0.1720 1
3.3380 -1.2216 1
4.3972 0.0241 1
3.5420 -0.5075 1
4.3469 -0.6739 1
4.6452 1.1250 1
4.2200 1.8854 1
5.2864 1.7535 1
4.9077 0.9183 1
5.4927 -0.1966 1
1.8331 0.5605 1
4.5354 1.3442 1
4.7548 1.4443 1
3.3657 1.0328 1
4.1223 -0.6237 1
4.3265 0.9458 1
3.1977 0.3325 1
3.4749 1.1538 1
5.2547 0.4939 1
3.9039 2.0298 1
5.1442 0.5147 1
4.0834 1.0537 1
2.6260 1.2592 1
3.1465 2.5350 1
2.5367 2.6807 1
3.0239 -0.1512 1
5.2230 0.7318 1
3.1494 2.1054 1
5.4308 2.1576 1
2.7868 0.8613 1
3.7449 1.9115 1
2.9858 3.1157 1
3.9633 1.5558 1
4.0109 1.6383 1
3.7971 -0.8091 1
5.1761 1.6460 1
4.4595 2.0205 1
3.1266 -1.2699 1
3.8646 1.4262 1
5.6003 -0.2158 1
2.4448 0.9867 1
3.1889 1.3225 1
4.3222 0.6605 1
2.5611 1.9702 1
4.2989 1.4039 1
4.5409 2.4402 1
6.2258 1.4575 1
2.9855 1.6034 1
3.7702 2.2236 1
2.8375 1.5946 1
5.0088 1.3498 1
3.0824 1.1696 1
6.0658 1.9887 1
4.0943 0.3150 1
3.5957 2.0766 1
4.7986 1.5377 1
4.9342 0.5072 1
3.5709 2.1175 1
2.3254 1.2758 1
3.4454 1.2782 1
3.9645 1.3433 1
5.2218 0.9687 1
4.4022 0.9910 1
4.3724 0.5260 1
3.1695 -0.5056 1
5.1215 1.1211 1
2.6517 2.1259 1
2.4943 1.9484 1
3.0257 1.8096 1
2.8240 0.4614 1
3.8714 1.5827 1
5.6293 0.1365 1
4.1081 1.8929 1
3.1549 -0.1092 1
3.4773 1.2944 1
3.3939 -0.6995 1
3.0817 0.2133 1
3.3650 0.5005 1
2.7544 2.0839 1
2.7248 0.2436 1
5.1597 -0.7026 1
3.3994 0.3936 1
2.3831 -0.7574 1
2.3682 1.7636 1
2.7235 0.4583 1
4.9045 1.7079 1
4.2014 -0.7618 1
6.3289 1.5492 1
4.7619 0.1223 1
4.5006 0.8326 1
2.9575 -0.9886 1
3.5554 0.4240 1
3.8403 -0.0153 1
3.4040 -0.8991 1
4.0190 1.3820 1
3.6340 1.6582 1
4.5302 0.2143 1
5.2194 2.0222 1
2.7761 1.2621 1
3.2711 -0.8829 1
3.5661 1.1412 1
4.7882 0.2078 1
5.0651 1.9590 1
4.8565 1.0666 1
2.5054 1.7590 1
4.4774 1.3480 1
4.2243 0.9150 1
4.2967 -0.1004 1
5.3489 2.7410 1
3.2392 0.5703 1
5.3501 1.2795 1
3.5293 2.0889 1
2.5044 0.1899 1
3.8535 1.5742 1
3.3184 -0.2012 1
2.7893 1.1481 1
4.0641 1.5567 1
4.9119 1.9239 1
3.6661 1.5132 1
3.2624 1.1159 1
4.6039 0.6893 1
3.4867 0.6997 1
4.5789 1.3708 1
5.1099 1.5158 1
3.6874 0.1449 1
2.4274 -0.4376 1
3.9389 1.4889 1
4.1827 1.6584 1
4.3422 0.6088 1
2.8579 1.7880 1
3.9299 1.7656 1
3.9032 -0.3333 1
5.0341 2.3924 1
3.0182 1.1059 1
4.2399 1.5371 1
6.1996 1.1172 1
4.0400 2.7252 1
3.6776 -2.0402 1
4.1627 2.0107 1
5.7605 2.3191 1
2.8887 -0.6829 1
4.8396 0.0988 1
5.9852 0.6491 1
5.1198 0.5580 1
3.9798 1.1683 1
3.4704 1.4960 1
3.2402 2.0485 1
4.8434 0.1850 1
4.9621 0.4660 1
5.7373 0.8656 1
4.5079 1.6131 1
5.2843 2.3242 1
4.6223 2.1551 1
6.1298 1.6387 1
5.8848 1.5991 1
3.9094 0.1235 1
4.5976 1.9990 1
4.0433 0.9629 1
5.0297 0.7751 1
2.0310 1.3392 1
3.5747 1.9968 1
5.3926 1.2349 1
4.2254 0.2396 1
5.1919 0.8467 1
4.0608 1.2256 1
3.6637 1.2193 1
4.1934 1.0111 1
2.7136 0.9145 1
2.4385 -1.4250 1
2.8246 1.7911 1
1.7199 2.3549 1
4.4720 2.4565 1
3.4806 -1.0495 1
3.5107 -0.1468 1
3.9285 2.0160 1
4.3680 0.7592 1
5.8402 0.4293 1
4.6106 1.4527 1
4.9161 0.5217 1
4.0558 1.0394 1
6.6346 -0.1613 1
5.0882 0.7534 1
4.1738 0.0569 1
4.5977 0.5428 1
5.8391 2.7949 1
5.6978 0.9585 1
2.0776 -0.9522 1
3.4166 0.3804 1
4.3966 2.4902 1
4.1584 2.3883 1
4.3735 1.3831 1
3.8289 0.8059 1
5.2333 1.6134 1
3.1690 0.2837 1
3.7729 2.1428 1
3.5334 0.2004 1
4.8828 0.4118 1
3.7462 -0.0434 1
5.3337 1.4674 1
4.8326 2.9827 1
4.4022 1.7692 1
3.8842 0.4751 1
3.6112 -0.0008 1
3.9340 1.0110 1
4.1725 0.6242 1
4.1812 0.6464 1
5.0025 2.3455 1
3.3218 -1.0815 1
3.2355 0.8936 1
4.7241 1.8003 1
4.1347 0.9943 1
3.5692 -0.0525 1
3.4521 0.1132 1
2.7847 -0.0067 1
5.2763 1.8998 1
4.3463 1.2212 1
4.3109 0.7329 1
3.9209 1.0208 1
4.4513 1.4751 1
3.4876 -0.7674 1
2.9872 -1.2149 1
3.2348 2.3622 1
3.8443 0.7195 1
2.4133 0.3517 1
3.5073 0.2442 1
4.2796 -0.0076 1
3.7174 0.4420 1
3.1280 -0.6461 1
4.4351 0.3534 1
2.1772 0.6585 1
3.1779 1.0633 1
3.4345 1.5262 1
2.6151 -0.6662 1
4.1411 0.8716 1
5.2991 1.0124 1
2.5513 0.7412 1
3.7196 0.5355 1
4.9776 1.3600 1
5.5847 1.9477 1
4.0606 2.9226 1
4.9244 -0.3536 1
4.2335 1.9059 1
4.4603 2.3365 1
3.1701 0.7285 1
5.0607 3.1575 1
4.3847 -0.5228 1
3.9430 1.0186 1
4.8674 0.9881 1
2.4223 1.5855 1
4.2094 2.3068 1
4.4676 1.2202 1
4.4426 0.6900 1
2.4151 1.4116 1
6.4740 1.1860 1
4.1388 1.5163 1
4.1129 0.3250 1
5.6950 1.2999 1
3.1313 -0.4767 1
2.5436 2.4326 1
4.7035 0.3647 1
5.2081 1.6180 1
4.8334 2.5292 1
4.9366 0.1372 1
4.2611 1.5733 1
2.1381 1.2459 1
3.1234 1.3416 1
4.1578 -0.0193 1
2.9354 1.6600 1
6.3265 2.0272 1
4.2282 1.5810 1
3.0537 0.4128 1
4.1898 0.2620 1
4.5015 0.6810 1
4.6531 0.8561 1
4.2930 -0.8314 1
3.6192 2.3773 1
2.8577 0.7121 1
3.6498 1.3180 1
3.5439 -0.1172 1
4.8926 2.7361 1
3.0166 0.1211 1
3.5412 1.7486 1
3.2267 0.9954 1
4.1572 0.9617 1
5.0122 -0.3415 1
3.8320 1.4633 1
3.3558 2.7573 1
4.3613 1.5651 1
4.2026 -0.2025 1
4.6267 2.3049 1
3.6459 0.2989 1
5.0606 1.5361 1
1.4056 -0.0930 1
4.5366 1.4432 1
3.9476 1.1128 1
4.0387 1.9005 1
2.9846 1.0696 1
4.9203 2.1948 1
4.5476 2.4937 1
2.9066 -0.9417 1
2.8244 0.4851 1
4.2416 0.2624 1
4.2414 1.3154 1
6.6174 0.1916 1
4.7358 -0.5389 1
4.1302 1.1827 1
4.5292 0.9375 1
2.3784 1.6504 1
5.3782 0.4163 1
4.5158 2.5656 1
3.4893 -0.6091 1
5.6471 1.4102 1
3.8366 0.6055 1
5.1298 0.8537 1
4.2676 1.9685 1
3.4780 0.8732 1
3.4161 -1.4425 1
4.1311 3.1302 1
5.1485 2.2361 1
5.5815 0.9559 1
1.8210 0.8905 1
4.8796 0.7699 1
2.9663 0.2117 1
5.0981 2.4997 1
2.4692 -1.6201 1
4.4696 1.8762 1
3.1563 1.6496 1
3.4366 1.2558 1
3.6098 -0.1125 1
4.3095 0.7050 1
3.6922 1.2271 1
4.1506 0.2629 1
4.7356 1.0980 1
5.3818 0.1742 1
4.3946 -1.0355 1
3.2011 0.1985 1
5.3732 0.5289 1
3.9987 2.7337 1
4.2381 0.6456 1
5.2076 -0.2321 1
2.4234 0.4591 1
2.0650 -0.8649 1
3.8668 2.1069 1
1.8449 0.6922 1
3.8034 2.1580 1
3.9568 2.8602 1
5.0842 -0.1657 1
3.8594 1.2125 1
3.0991 0.4221 1
2.8166 1.2349 1
3.1915 1.0878 1
2.2605 -0.3841 1
3.9742 0.4816 1
4.5268 1.2029 1
5.0969 1.3894 1
4.1381 0.2158 1
4.1900 1.0725 1
5.9702 1.0011 1
4.3276 1.1179 1
4.7169 1.0353 1
4.7178 1.3669 1
5.7896 1.6808 1
4.8201 1.1559 1
3.1992 0.2677 1
3.6188 1.5876 1
3.5840 -0.7876 1
4.9194 1.3178 1
5.3397 1.6741 1
2.3880 1.0925 1
6.2263 0.5407 1
2.4612 0.3473 1
3.7378 1.1170 1
3.8623 1.4820 1
2.9386 1.6679 1
5.0922 4.5184 1
4.0382 2.2378 1
4.3594 0.3130 1
2.4409 -0.0345 1
3.8779 1.6539 1
4.0980 2.0108 1
3.2511 -0.0302 1
3.4752 -0.0739 1
3.2104 0.6504 1
3.2425 0.6056 1
3.6576 0.2212 1
5.3946 0.3112 1
3.5993 0.8342 1
4.1227 1.3709 1
3.6489 1.0266 1
3.4317 1.5898 1
4.9051 1.3425 1
5.7823 0.0978 1
5.2342 2.7311 1
2.7244 0.6130 1
5.2394 1.9936 1
2.9487 0.0783 1
4.8944 1.5549 1
5.9033 3.0309 1
4.0337 2.5475 1
3.6257 1.1918 1
3.9431 0.8178 1
5.4671 2.2195 1
5.2732 0.3087 1
5.4086 0.9774 1
3.3317 2.3445 1
3.4734 1.6292 1
4.1411 1.1877 1
5.9953 0.5063 1
3.5772 0.8838 1
3.4801 1.0350 1
3.8420 1.4660 1
3.8832 1.0956 1
3.1982 -1.1209 1
2.5512 0.0340 1
3.3046 1.2580 1
4.8424 1.2055 1
4.1231 -0.0022 1
5.2550 0.9161 1
3.7145 1.8696 1
3.1160 1.2401 1
2.9327 -0.4145 1
4.0469 -0.2825 1
5.4521 1.1349 1
2.3234 0.2579 1
4.0217 -0.8022 1
4.5591 -0.4349 1
6.1651 0.9266 1
4.2736 1.4325 1
2.9327 0.7683 1
3.9065 2.4755 1
3.6305 -0.8069 1
3.9340 2.0849 1
3.3991 -0.8757 1
2.9834 -0.1078 1
4.1515 1.4220 1
3.5336 1.2765 1
5.2979 0.5223 1
4.0665 1.1470 1
2.7412 1.0967 1
4.2886 1.1495 1
4.7365 1.2297 1
3.9838 1.4024 1
2.5961 0.0376 1
3.4379 -0.9159 1
3.6074 0.8142 1
5.2345 0.7747 1
3.5913 1.4850 1
3.3219 -0.0362 1
4.2516 0.1692 1
3.6797 1.2169 1
2.0336 -0.8690 1
4.3199 -1.1600 1
4.1845 0.2117 1
3.4578 -0.5446 1
4.3607 0.8986 1
5.1549 1.6493 1
3.2791 -0.2152 1
3.1513 1.3942 1
5.1340 0.6090 1
3.1547 -0.7588 1
4.6540 1.2770 1
4.2411 4.1987 1
5.4408 2.4671 1
2.1421 -0.0627 1
3.3431 0.6647 1
4.0240 2.5473 1
4.5157 2.6796 1
4.3282 -0.6486 1
3.3064 -0.1561 1
3.3556 0.7536 1
4.2516 -0.1489 1
5.6665 -0.5468 1
3.3515 1.9370 1
4.4903 1.3877 1
5.3176 -0.2805 1
3.6018 1.4659 1
4.2901 0.7238 1
4.6806 1.6515 1
3.2941 3.1028 1
4.0572 0.2428 1
3.2068 2.1746 1
3.0508 1.8623 1
3.3583 0.3357 1
3.4529 0.9353 1
4.2231 0.7610 1
4.9275 1.8367 1
2.7271 2.1934 1
5.0597 0.1684 1
2.7245 1.4274 1
2.8951 1.0946 1
3.8198 0.8511 1
3.0171 3.2054 1
2.4232 -1.6795 1
5.6225 1.1504 1
3.6518 1.2435 1
3.1414 0.3832 1
2.2579 0.5517 1
4.9347 0.7503 1
5.7341 2.6318 1
4.3819 0.2259 1
2.8045 -0.9521 1
3.6249 1.7140 1
3.6435 0.0264 1
5.6614 2.0899 1
6.5415 1.8225 1
4.7444 1.4826 1
5.3749 1.6240 1
3.0881 1.0136 1
3.5232 1.1325 1
2.9748 0.0963 1
3.2955 -0.1532 1
5.7463 1.3554 1
2.9594 0.4587 1
3.9211 1.2506 1
4.4780 1.2695 1
3.4346 0.5498 1
5.1127 1.8792 1
5.7842 0.9104 1
4.4193 0.5646 1
3.8043 0.2543 1
5.5395 -0.1880 1
4.9283 1.3730 1
2.5789 -0.0003 1
2.4515 1.2235 1
5.5100 1.0183 1
3.7999 0.2788 1
3.7881 1.2426 1
2.9362 0.0744 1
2.9276 1.3019 1
3.9280 0.2402 1
4.6818 1.5927 1
4.7333 0.6184 1
2.4126 1.1990 1
3.2066 -0.9311 1
3.6191 1.5083 1
4.5565 -0.2085 1
5.3590 1.7846 1
3.6931 2.7387 1
5.3036 -0.1900 1
2.9001 2.1318 1
2.8364 0.4945 1
3.2416 0.7176 1
2.6643 0.0452 1
3.0566 -1.0897 1
4.2765 0.9867 1
4.9206 1.4359 1
3.7418 1.9118 1
2.1151 0.9576 1
5.2406 1.4054 1
3.8342 0.8734 1
3.8868 2.4706 1
3.9670 -0.2336 1
4.4974 0.1597 1
4.5055 -1.2209 1
3.3056 2.2088 1
2.8171 1.9139 1
4.7339 0.9703 1
2.1172 1.3185 1
4.9285 2.7922 1
4.3853 -1.2813 1
4.3078 1.0392 1
3.6184 1.0868 1
4.8706 0.5935 1
4.9998 0.8909 1
3.3027 1.4831 1
1.9742 0.3380 1
3.5492 2.1249 1
4.0684 1.7156 1
3.0108 0.7189 1
3.9120 0.5457 1
3.4539 0.5746 1
3.6530 1.1192 1
3.1025 0.6085 1
3.8870 0.3947 1
6.3204 2.2125 1
3.1412 0.8447 1
2.8971 1.5645 1
3.7871 0.6931 1
1.9175 -0.4632 1
3.5947 3.3865 1
2.8248 1.0557 1
3.8002 1.1370 1
2.6211 -0.2597 1
5.1189 0.1223 1
3.4955 0.9269 1
2.3125 -0.1855 1
3.6586 0.8221 1
3.7440 2.4716 1
4.3565 2.4424 1
4.5816 1.0782 1
3.5651 -0.8119 1
3.8587 0.5297 1
4.9206 1.0273 1
3.6027 1.9934 1
4.1655 1.4057 1
4.1161 1.9600 1
4.8740 2.3319 1
3.7751 1.9619 1
5.2897 0.1883 1
4.6134 -0.2317 1
4.7181 1.5874 1
6.2879 1.2567 1
4.4318 -0.5435 1
4.0149 3.0378 1
2.3353 1.3110 1
5.5741 2.5413 1
4.5520 1.5743 1
5.3101 -0.5057 1
4.1770 0.9723 1
5.8387 -0.5508 1
3.7848 0.6713 1
5.1339 2.4478 1
4.8949 0.5986 1
3.6752 0.7381 1
4.1041 1.4872 1
1.7027 -0.1194 1
3.5922 -1.2875 1
2.8262 0.5525 1
4.9218 2.4042 1
3.4067 0.6843 1
2.9221 1.2460 1
2.8857 0.6070 1
3.4721 1.1829 1
5.7904 2.6297 1
3.2661 -0.1040 1
4.5086 0.9762 1
3.3888 1.7465 1
4.3626 -0.0227 1
2.9508 0.0478 1
2.2012 2.1433 1
3.7393 -0.5264 1
3.7460 2.3818 1
2.4266 1.1329 1
3.9368 1.1248 1
5.0536 2.4003 1
4.0996 1.8954 1
5.3248 1.5557 1
2.8023 0.8040 1
2.9458 1.8480 1
1.4312 -0.0886 1
3.1974 -0.1309 1
5.4194 2.6958 1
4.6423 0.9212 1
3.2672 0.1434 1
2.8885 1.8341 1
4.9419 3.1591 1
3.5085 0.9181 1
4.4355 0.4897 1
6.0922 1.6314 1
5.4098 3.5390 1
3.4337 -0.7793 1
4.3070 1.1901 1
4.4846 2.6649 1
3.9020 2.3384 1
2.4156 1.7339 1
3.4156 0.5036 1
2.6984 1.3977 1
3.4708 1.3927 1
4.4932 -0.0371 1
2.7666 0.1730 1
4.0222 1.1238 1
5.0129 1.4379 1
4.7608 1.0835 1
3.9413 2.7209 1
3.4297 -0.0525 1
2.9685 0.0367 1
4.4590 -0.8238 1
4.0548 0.0478 1
3.5192 1.7767 1
3.6661 0.0100 1
4.7705 1.3966 1
4.6351 1.1715 1
5.9249 2.3352 1
4.1536 0.4095 1
2.7226 2.1456 1
